AC  HepG2.GRWD1.3
XX
TY  Motif
XX
ID  HepG2.GRWD1.3
XX
NA  HepG2.GRWD1.3
XX
DE  N=1168, Consensus=NNCATGGACNN, Score=245.83148755803
P0  A  C  G  T
01  338  240  262  328  N
02  286  293  168  421  N
03  31  1048  61  28  C
04  847  156  66  99  A
05  52  15  39  1062  T
06  8  177  911  72  G
07  34  8  1111  15  G
08  1062  41  38  27  A
09  21  1043  74  30  C
10  377  295  184  312  N
11  291  208  248  421  N
XX
IC  0.013 0.068 1.367 0.738 1.429 1.009 1.651 1.417 1.360 0.041 0.050
XX
XL
00  56
01  143
02  4
03  29
04  577
05  39
06  10
07  2
08  8
09  77
10  223
XX
//
