AC  HepG2.BCCIP.5
XX
TY  Motif
XX
ID  HepG2.BCCIP.5
XX
NA  HepG2.BCCIP.5
XX
DE  N=308, Consensus=NNGGCAGGCNN, Score=139.166256429285
P0  A  C  G  T
01  44  66  110  88  N
02  135  10  97  66  N
03  5  2  287  14  G
04  6  7  290  5  G
05  16  182  106  4  C
06  268  5  28  7  A
07  0  0  308  0  G
08  3  7  298  0  G
09  22  226  53  7  C
10  108  64  80  56  N
11  42  38  187  41  N
XX
IC  0.069 0.310 1.552 1.580 0.712 1.283 1.993 1.758 0.832 0.039 0.404
XX
XL
00  56
01  16
02  21
03  108
04  8
05  3
06  5
07  68
08  3
09  11
10  9
XX
//
