AC  HepG2.RBM22.0
XX
TY  Motif
XX
ID  HepG2.RBM22.0
XX
NA  HepG2.RBM22.0
XX
DE  N=293, Consensus=NNGGTGCCCNN, Score=118.135637784319
P0  A  C  G  T
01  41  81  86  85  N
02  37  48  103  105  N
03  0  4  270  19  G
04  6  21  236  30  G
05  16  6  29  242  T
06  6  18  242  27  G
07  8  246  24  15  C
08  0  279  9  5  C
09  8  264  6  15  C
10  48  91  68  86  N
11  38  66  114  75  N
XX
IC  0.046 0.127 1.543 1.017 1.091 1.086 1.124 1.671 1.381 0.033 0.093
XX
XL
00  37
01  61
02  31
03  11
04  83
05  19
06  3
07  0
08  2
09  10
10  36
XX
//
