AC  HepG2.LARP4.4
XX
TY  Motif
XX
ID  HepG2.LARP4.4
XX
NA  HepG2.LARP4.4
XX
DE  N=181, Consensus=NNTCCCCGTNN, Score=96.9794829579117
P0  A  C  G  T
01  26  52  25  78  N
02  18  38  43  82  N
03  2  5  5  169  T
04  4  168  5  4  C
05  5  169  5  2  C
06  5  173  3  0  C
07  7  154  2  18  C
08  12  18  115  36  G
09  6  14  9  152  T
10  16  55  58  52  N
11  19  71  42  49  N
XX
IC  0.151 0.174 1.538 1.502 1.538 1.685 1.205 0.518 1.113 0.113 0.118
XX
XL
00  34
01  41
02  9
03  1
04  2
05  2
06  9
07  8
08  43
09  22
10  10
XX
//
