AC  HepG2.ILF3.3
XX
TY  Motif
XX
ID  HepG2.ILF3.3
XX
NA  HepG2.ILF3.3
XX
DE  N=303, Consensus=NNTCCCCGTNN, Score=127.51891610206
P0  A  C  G  T
01  27  122  28  126  N
02  43  94  52  114  N
03  3  7  5  288  T
04  0  286  7  10  C
05  9  289  2  3  C
06  2  296  0  5  C
07  28  246  0  29  C
08  14  55  171  63  G
09  6  23  16  258  T
10  40  117  81  65  N
11  49  121  63  70  N
XX
IC  0.310 0.102 1.634 1.626 1.663 1.814 1.107 0.404 1.177 0.092 0.079
XX
XL
00  58
01  50
02  20
03  6
04  2
05  3
06  13
07  28
08  68
09  37
10  18
XX
//
