AC  HepG2.BUD13.4
XX
TY  Motif
XX
ID  HepG2.BUD13.4
XX
NA  HepG2.BUD13.4
XX
DE  N=747, Consensus=NNGTGAGTANN, Score=248.55986971106
P0  A  C  G  T
01  292  163  171  121  N
02  112  46  462  127  N
03  4  0  739  4  G
04  10  3  8  726  T
05  46  5  690  6  G
06  699  8  26  14  A
07  0  0  741  6  G
08  21  56  51  619  T
09  349  110  237  51  A
10  108  240  217  182  N
11  89  273  270  115  N
XX
IC  0.076 0.476 1.901 1.772 1.539 1.561 1.930 1.083 0.287 0.053 0.154
XX
XL
00  15
01  613
02  3
03  38
04  1
05  13
06  8
07  18
08  5
09  17
10  16
XX
//
