AC  HepG2.IGF2BP1.5
XX
TY  Motif
XX
ID  HepG2.IGF2BP1.5
XX
NA  HepG2.IGF2BP1.5
XX
DE  N=235, Consensus=NNACACCCANN, Score=103.299626620436
P0  A  C  G  T
01  49  84  22  80  N
02  42  70  28  95  N
03  181  15  9  30  A
04  8  207  11  9  C
05  201  22  0  12  A
06  9  198  12  16  C
07  18  206  3  8  C
08  8  212  3  12  C
09  212  12  0  11  A
10  36  73  81  45  N
11  58  83  58  36  N
XX
IC  0.140 0.132 0.888 1.277 1.259 1.119 1.294 1.391 1.431 0.066 0.049
XX
XL
00  42
01  72
02  2
03  19
04  2
05  11
06  6
07  31
08  7
09  19
10  24
XX
//
