AC  HepG2.NCBP2.5
XX
TY  Motif
XX
ID  HepG2.NCBP2.5
XX
NA  HepG2.NCBP2.5
XX
DE  N=129, Consensus=NNAGATGGCNN, Score=83.3274436033091
P0  A  C  G  T
01  18  15  64  32  N
02  38  25  54  12  N
03  121  4  0  4  A
04  5  11  109  4  G
05  100  11  8  10  A
06  7  0  7  115  T
07  3  0  120  6  G
08  1  8  120  0  G
09  9  103  9  8  C
10  23  35  43  28  N
11  24  26  51  28  N
XX
IC  0.225 0.160 1.586 1.138 0.861 1.379 1.554 1.583 0.939 0.022 0.058
XX
XL
00  40
01  3
02  1
03  2
04  12
05  42
06  9
07  1
08  3
09  4
10  12
XX
//
