AC  HepG2.TAF15.2
XX
TY  Motif
XX
ID  HepG2.TAF15.2
XX
NA  HepG2.TAF15.2
XX
DE  N=563, Consensus=NNAGGAATGNN, Score=186.910812373462
P0  A  C  G  T
01  122  39  260  142  N
02  160  71  224  108  N
03  539  0  18  6  A
04  11  2  514  36  G
05  26  0  537  0  G
06  529  9  25  0  A
07  507  8  38  10  A
08  55  2  263  243  T
09  18  4  518  23  G
10  148  75  252  88  N
11  195  85  188  95  N
XX
IC  0.235 0.118 1.707 1.483 1.726 1.617 1.407 0.603 1.488 0.164 0.093
XX
XL
00  117
01  36
02  7
03  29
04  193
05  7
06  2
07  54
08  50
09  43
10  25
XX
//
