AC  HepG2.TAF15.8
XX
TY  Motif
XX
ID  HepG2.TAF15.8
XX
NA  HepG2.TAF15.8
XX
DE  N=337, Consensus=NNGGTGTTGNN, Score=128.637539396855
P0  A  C  G  T
01  101  26  114  96  N
02  75  8  161  93  N
03  10  0  310  17  G
04  3  5  319  10  G
05  49  0  33  255  T
06  10  12  274  41  G
07  6  6  41  284  T
08  12  0  26  299  T
09  7  3  294  33  G
10  77  40  157  63  N
11  58  67  136  76  N
XX
IC  0.142 0.361 1.515 1.617 0.956 1.059 1.209 1.384 1.317 0.176 0.080
XX
XL
00  18
01  17
02  63
03  11
04  20
05  16
06  53
07  55
08  19
09  33
10  32
XX
//
