AC  HepG2.DDX3X.0
XX
TY  Motif
XX
ID  HepG2.DDX3X.0
XX
NA  HepG2.DDX3X.0
XX
DE  N=212, Consensus=NNCCGCGCTNN, Score=104.753567539006
P0  A  C  G  T
01  21  75  72  44  N
02  14  55  96  47  N
03  2  193  13  4  C
04  9  162  13  28  C
05  3  6  195  8  G
06  5  191  9  7  C
07  3  13  188  8  G
08  12  187  5  8  C
09  5  28  14  165  T
10  10  52  85  65  N
11  15  77  76  44  N
XX
IC  0.129 0.226 1.448 0.867 1.468 1.371 1.324 1.290 0.936 0.233 0.187
XX
XL
00  22
01  15
02  0
03  22
04  2
05  4
06  2
07  3
08  69
09  37
10  36
XX
//
