AC  HepG2.HNRNPU.3
XX
TY  Motif
XX
ID  HepG2.HNRNPU.3
XX
NA  HepG2.HNRNPU.3
XX
DE  N=843, Consensus=NNGGCAGGANN, Score=238.834740155867
P0  A  C  G  T
01  159  181  263  240  N
02  483  14  199  147  N
03  36  4  793  10  G
04  41  16  765  21  G
05  142  378  267  56  C
06  810  0  18  15  A
07  6  0  833  4  G
08  9  11  808  15  G
09  710  15  102  16  A
10  353  84  326  80  N
11  201  111  445  86  N
XX
IC  0.027 0.508 1.608 1.417 0.260 1.720 1.893 1.684 1.208 0.288 0.297
XX
XL
00  122
01  46
02  17
03  289
04  57
05  2
06  9
07  238
08  10
09  18
10  35
XX
//
