AC  HepG2.LSM11.3
XX
TY  Motif
XX
ID  HepG2.LSM11.3
XX
NA  HepG2.LSM11.3
XX
DE  N=410, Consensus=NNAGCTGTANN,NNTGCTGTANN, Score=123.564824050721
P0  A  C  G  T
01  71  73  96  170  N
02  81  97  91  141  N
03  138  1  6  265  A
04  13  15  342  40  G
05  13  372  6  19  C
06  12  4  0  394  T
07  3  12  369  26  G
08  14  23  43  330  T
09  267  21  73  49  A
10  74  78  140  118  N
11  77  109  133  91  N
XX
IC  0.096 0.029 0.949 1.116 1.415 1.725 1.405 1.002 0.563 0.047 0.025
XX
XL
00  97
01  12
02  60
03  19
04  5
05  72
06  13
07  39
08  20
09  35
10  38
XX
//
