AC  HepG2.FAM120A.5
XX
TY  Motif
XX
ID  HepG2.FAM120A.5
XX
NA  HepG2.FAM120A.5
XX
DE  N=1353, Consensus=NNGGGGCGCNN, Score=300.832200679004
P0  A  C  G  T
01  170  227  699  257  N
02  173  218  688  274  N
03  17  9  1312  15  G
04  21  9  1318  5  G
05  18  12  1316  7  G
06  20  16  1312  5  G
07  116  922  190  125  C
08  38  30  1263  22  G
09  19  741  561  32  C
10  211  229  752  161  N
11  141  226  867  119  N
XX
IC  0.243 0.232 1.756 1.790 1.777 1.760 0.602 1.542 0.782 0.310 0.507
XX
XL
00  48
01  75
02  375
03  115
04  296
05  30
06  57
07  16
08  138
09  121
10  82
XX
//
