AC  HepG2.DKC1.9
XX
TY  Motif
XX
ID  HepG2.DKC1.9
XX
NA  HepG2.DKC1.9
XX
DE  N=1505, Consensus=NNAGTGTGTNN, Score=462.428180190877
P0  A  C  G  T
01  94  141  150  1120  N
02  155  105  1157  88  N
03  92  75  88  1250  A
04  16  0  1489  0  G
05  0  0  0  1505  T
06  0  0  1505  0  G
07  0  0  0  1505  T
08  6  0  1499  0  G
09  6  0  0  1499  T
10  129  78  1233  65  N
11  91  151  120  1143  N
XX
IC  0.780 0.862 1.075 1.914 1.999 1.999 1.999 1.961 1.961 1.042 0.829
XX
XL
00  199
01  28
02  237
03  2
04  174
05  3
06  213
07  2
08  267
09  8
10  372
XX
//
