AC  HepG2.PRPF8.4
XX
TY  Motif
XX
ID  HepG2.PRPF8.4
XX
NA  HepG2.PRPF8.4
XX
DE  N=5497, Consensus=NNTGAGTGCNN, Score=789.70243941203
P0  A  C  G  T
01  652  407  3881  557  N
02  0  64  5433  0  N
03  0  10  0  5487  T
04  272  103  5106  16  G
05  5174  66  192  65  A
06  4  12  5475  6  G
07  190  237  311  4759  T
08  291  440  4604  162  G
09  501  3367  984  645  C
10  773  2130  1588  1006  N
11  696  1690  2118  993  N
XX
IC  0.667 1.908 1.980 1.554 1.596 1.956 1.222 1.120 0.444 0.106 0.123
XX
XL
00  4670
01  691
02  16
03  2
04  51
05  9
06  16
07  4
08  5
09  15
10  18
XX
//
