AC  HepG2.U2AF1.2
XX
TY  Motif
XX
ID  HepG2.U2AF1.2
XX
NA  HepG2.U2AF1.2
XX
DE  N=3533, Consensus=NNTTCTTCCNN, Score=445.91997195617
P0  A  C  G  T
01  411  967  370  1785  N
02  312  992  260  1969  N
03  34  157  34  3308  T
04  39  252  136  3106  T
05  70  2612  82  769  C
06  65  366  0  3102  T
07  39  320  88  3086  T
08  58  3086  81  308  C
09  110  3235  5  183  C
10  717  1388  162  1266  N
11  579  1270  618  1066  N
XX
IC  0.288 0.429 1.582 1.312 0.960 1.390 1.311 1.300 1.493 0.268 0.080
XX
XL
00  183
01  458
02  872
03  415
04  279
05  655
06  203
07  31
08  65
09  176
10  196
XX
//
