AC  HepG2.PPIG.4
XX
TY  Motif
XX
ID  HepG2.PPIG.4
XX
NA  HepG2.PPIG.4
XX
DE  N=896, Consensus=NNGGTGAGTNN, Score=218.833231720651
P0  A  C  G  T
01  257  277  212  150  N
02  340  127  193  236  N
03  36  32  778  50  G
04  40  34  812  10  G
05  32  12  19  833  T
06  25  24  847  0  G
07  788  22  55  31  A
08  26  22  817  31  G
09  56  104  118  618  T
10  140  196  417  143  N
11  161  265  269  201  N
XX
IC  0.034 0.084 1.230 1.417 1.527 1.637 1.288 1.429 0.632 0.163 0.028
XX
XL
00  24
01  73
02  447
03  8
04  98
05  3
06  7
07  21
08  106
09  46
10  63
XX
//
