AC  HepG2.SF3A3.3
XX
TY  Motif
XX
ID  HepG2.SF3A3.3
XX
NA  HepG2.SF3A3.3
XX
DE  N=78, Consensus=NNTCTAGGTNN, Score=58.034036725904
P0  A  C  G  T
01  15  20  14  29  N
02  9  22  18  29  N
03  0  4  2  72  T
04  2  66  4  6  C
05  3  3  3  69  T
06  52  3  11  12  A
07  1  0  74  3  G
08  1  2  69  6  G
09  2  2  4  70  T
10  15  22  27  14  N
11  13  26  16  23  N
XX
IC  0.036 0.079 1.510 1.128 1.273 0.588 1.639 1.315 1.341 0.025 0.025
XX
XL
00  5
01  7
02  3
03  2
04  16
05  11
06  8
07  3
08  10
09  7
10  6
XX
//
