AC  HepG2.SF3A3.6
XX
TY  Motif
XX
ID  HepG2.SF3A3.6
XX
NA  HepG2.SF3A3.6
XX
DE  N=238, Consensus=NNTTTGCAGNN, Score=104.866992157923
P0  A  C  G  T
01  48  60  50  80  N
02  36  70  30  102  N
03  5  11  12  210  T
04  3  9  11  215  T
05  0  0  13  225  T
06  19  25  172  22  G
07  11  198  19  10  C
08  211  5  5  17  A
09  6  5  219  8  G
10  59  52  82  45  N
11  45  69  67  57  N
XX
IC  0.022 0.159 1.292 1.395 1.685 0.702 1.082 1.331 1.465 0.029 0.010
XX
XL
00  13
01  30
02  77
03  20
04  45
05  7
06  10
07  4
08  14
09  10
10  8
XX
//
