AC  HepG2.XPO5.7
XX
TY  Motif
XX
ID  HepG2.XPO5.7
XX
NA  HepG2.XPO5.7
XX
DE  N=511, Consensus=NNTGCTCTGNN, Score=157.510296243513
P0  A  C  G  T
01  70  129  169  143  N
02  81  163  151  116  N
03  32  11  46  422  T
04  11  29  439  32  G
05  13  454  25  19  C
06  12  62  12  425  T
07  7  415  59  30  C
08  23  8  4  476  T
09  3  16  476  16  G
10  65  147  167  132  N
11  73  120  201  117  N
XX
IC  0.059 0.043 1.086 1.203 1.320 1.151 1.067 1.550 1.544 0.069 0.087
XX
XL
00  46
01  12
02  159
03  5
04  7
05  62
06  9
07  149
08  5
09  30
10  27
XX
//
