AC  HepG2.BCCIP.2
XX
TY  Motif
XX
ID  HepG2.BCCIP.2
XX
NA  HepG2.BCCIP.2
XX
DE  N=653, Consensus=NNGGAGAGGNN, Score=202.659152590663
P0  A  C  G  T
01  282  63  196  112  N
02  110  47  392  104  N
03  31  6  600  16  G
04  12  15  623  3  G
05  481  6  147  19  A
06  11  23  604  15  G
07  489  20  94  50  A
08  34  10  583  26  G
09  31  20  594  8  G
10  165  114  320  54  N
11  181  107  271  94  N
XX
IC  0.191 0.426 1.482 1.665 0.977 1.498 0.844 1.351 1.432 0.254 0.127
XX
XL
00  47
01  35
02  349
03  24
04  26
05  10
06  18
07  19
08  109
09  14
10  2
XX
//
