AC  HepG2.ILF3.5
XX
TY  Motif
XX
ID  HepG2.ILF3.5
XX
NA  HepG2.ILF3.5
XX
DE  N=420, Consensus=NNGCCCTGTNN, Score=145.673408281197
P0  A  C  G  T
01  39  90  65  226  N
02  107  63  58  192  N
03  16  24  351  29  G
04  8  364  32  16  C
05  10  370  1  39  C
06  85  308  14  13  C
07  14  6  13  387  T
08  7  0  387  26  G
09  11  19  16  374  T
10  54  81  120  165  N
11  71  84  165  100  N
XX
IC  0.303 0.171 1.097 1.245 1.366 0.882 1.480 1.539 1.327 0.111 0.074
XX
XL
00  72
01  88
02  2
03  3
04  10
05  2
06  55
07  19
08  93
09  43
10  33
XX
//
