AC  HepG2.UCHL5.5
XX
TY  Motif
XX
ID  HepG2.UCHL5.5
XX
NA  HepG2.UCHL5.5
XX
DE  N=532, Consensus=NNTGATGGANN, Score=154.1252691168
P0  A  C  G  T
01  106  109  136  181  N
02  111  118  138  165  N
03  20  9  18  485  T
04  6  30  465  31  G
05  414  53  34  31  A
06  26  4  56  446  T
07  9  8  485  30  G
08  52  12  459  9  G
09  461  29  16  26  A
10  107  120  240  65  N
11  149  106  175  102  N
XX
IC  0.031 0.013 1.431 1.280 0.890 1.175 1.450 1.261 1.223 0.157 0.033
XX
XL
00  112
01  29
02  94
03  11
04  8
05  151
06  57
07  8
08  6
09  17
10  39
XX
//
