AC  HepG2.LIN28B.8
XX
TY  Motif
XX
ID  HepG2.LIN28B.8
XX
NA  HepG2.LIN28B.8
XX
DE  N=728, Consensus=NNGTGATTGNN, Score=207.916199297961
P0  A  C  G  T
01  186  227  136  179  N
02  186  65  143  334  N
03  72  8  621  27  G
04  123  5  23  577  T
05  9  5  690  24  G
06  665  13  17  33  A
07  26  10  14  678  T
08  31  9  60  628  T
09  31  50  602  45  G
10  199  159  159  211  N
11  162  126  282  158  N
XX
IC  0.020 0.206 1.223 1.091 1.634 1.445 1.535 1.244 1.063 0.009 0.068
XX
XL
00  20
01  42
02  22
03  15
04  6
05  12
06  494
07  37
08  14
09  28
10  38
XX
//
