AC  HepG2.XRN2.4
XX
TY  Motif
XX
ID  HepG2.XRN2.4
XX
NA  HepG2.XRN2.4
XX
DE  N=1704, Consensus=NNGGCGGGGNN, Score=290.824236559478
P0  A  C  G  T
01  220  289  935  260  N
02  280  255  887  282  N
03  44  58  1562  40  G
04  29  54  1605  16  G
05  180  1160  125  239  C
06  104  92  1409  99  G
07  23  59  1593  29  G
08  37  145  1495  27  G
09  46  77  1555  26  G
10  261  433  792  218  N
11  221  537  736  210  N
XX
IC  0.294 0.241 1.454 1.596 0.605 1.060 1.556 1.316 1.444 0.189 0.196
XX
XL
00  187
01  272
02  251
03  127
04  158
05  265
06  67
07  154
08  94
09  27
10  102
XX
//
