AC  HepG2.TIA1.0
XX
TY  Motif
XX
ID  HepG2.TIA1.0
XX
NA  HepG2.TIA1.0
XX
DE  N=1873, Consensus=NNTCTTTGGNN, Score=324.970327980659
P0  A  C  G  T
01  303  296  223  1051  N
02  306  272  231  1064  N
03  92  55  55  1671  T
04  135  1194  98  446  C
05  29  35  0  1809  T
06  13  43  21  1796  T
07  26  4  82  1761  T
08  74  16  1584  199  G
09  75  94  1574  130  G
10  324  346  674  529  N
11  421  325  632  495  N
XX
IC  0.320 0.332 1.339 0.596 1.750 1.693 1.613 1.208 1.118 0.065 0.040
XX
XL
00  123
01  94
02  134
03  40
04  229
05  586
06  518
07  51
08  15
09  35
10  48
XX
//
