AC  HepG2.UCHL5.3
XX
TY  Motif
XX
ID  HepG2.UCHL5.3
XX
NA  HepG2.UCHL5.3
XX
DE  N=146, Consensus=NNCAAGCAANN, Score=79.6011935186426
P0  A  C  G  T
01  40  29  30  47  N
02  31  32  32  51  N
03  9  117  13  7  C
04  131  11  0  4  A
05  135  0  7  4  A
06  3  4  135  4  G
07  13  126  5  2  C
08  124  11  4  7  A
09  114  4  14  14  A
10  22  29  54  41  N
11  28  36  37  45  N
XX
IC  0.015 0.021 0.961 1.422 1.528 1.481 1.240 1.152 0.916 0.065 0.005
XX
XL
00  13
01  21
02  28
03  0
04  4
05  0
06  13
07  5
08  10
09  19
10  33
XX
//
