AC  HepG2.CSTF2T.2
XX
TY  Motif
XX
ID  HepG2.CSTF2T.2
XX
NA  HepG2.CSTF2T.2
XX
DE  N=4625, Consensus=NNGAGGGGANN,NNGAGGGCANN, Score=496.305087646708
P0  A  C  G  T
01  710  542  2825  548  N
02  643  242  3017  723  N
03  141  112  4339  33  G
04  3325  222  438  640  A
05  334  23  4141  127  G
06  180  35  4321  89  G
07  197  102  4216  110  G
08  165  1395  3030  35  G
09  3455  355  550  265  A
10  710  778  2655  482  N
11  793  814  2646  372  N
XX
IC  0.423 0.560 1.579 0.730 1.402 1.563 1.434 0.853 0.799 0.352 0.369
XX
XL
00  230
01  1209
02  294
03  229
04  451
05  833
06  706
07  124
08  45
09  87
10  417
XX
//
