AC  HepG2.ILF3.1
XX
TY  Motif
XX
ID  HepG2.ILF3.1
XX
NA  HepG2.ILF3.1
XX
DE  N=412, Consensus=NNCCCTGTGNN, Score=138.782694265589
P0  A  C  G  T
01  75  117  85  135  N
02  71  92  93  156  N
03  24  321  46  21  C
04  44  332  9  27  C
05  17  370  4  21  C
06  16  10  7  379  T
07  10  15  357  30  G
08  11  3  20  378  T
09  16  20  361  15  G
10  74  93  115  130  N
11  46  103  96  167  N
XX
IC  0.034 0.059 0.903 1.021 1.382 1.472 1.236 1.478 1.260 0.026 0.124
XX
XL
00  40
01  21
02  7
03  5
04  4
05  89
06  17
07  161
08  11
09  20
10  37
XX
//
