AC  HepG2.BCCIP.6
XX
TY  Motif
XX
ID  HepG2.BCCIP.6
XX
NA  HepG2.BCCIP.6
XX
DE  N=243, Consensus=NNGAGGGCANN, Score=134.172055288472
P0  A  C  G  T
01  35  14  158  36  N
02  27  8  172  36  N
03  2  4  235  2  G
04  216  4  13  10  A
05  5  0  235  3  G
06  13  5  217  8  G
07  16  23  194  10  G
08  30  181  30  2  C
09  209  14  15  5  A
10  28  32  158  25  N
11  52  38  141  12  N
XX
IC  0.539 0.716 1.733 1.327 1.751 1.342 0.962 0.872 1.204 0.505 0.427
XX
XL
00  15
01  121
02  11
03  10
04  7
05  25
06  9
07  2
08  4
09  11
10  28
XX
//
