AC  HepG2.AGGF1.1
XX
TY  Motif
XX
ID  HepG2.AGGF1.1
XX
NA  HepG2.AGGF1.1
XX
DE  N=649, Consensus=NNAGAAGAANN,NNGGAAGAANN, Score=156.394470450661
P0  A  C  G  T
01  173  90  202  184  N
02  252  50  202  145  N
03  265  0  348  36  A
04  45  10  572  22  G
05  550  19  68  12  A
06  541  5  71  32  A
07  41  8  592  8  G
08  550  25  54  20  A
09  537  10  50  52  A
10  168  70  262  149  N
11  171  109  230  139  N
XX
IC  0.053 0.175 0.755 1.311 1.198 1.160 1.468 1.160 1.101 0.130 0.051
XX
XL
00  110
01  68
02  58
03  122
04  28
05  14
06  38
07  19
08  33
09  69
10  90
XX
//
