AC  HepG2.U2AF2.5
XX
TY  Motif
XX
ID  HepG2.U2AF2.5
XX
NA  HepG2.U2AF2.5
XX
DE  N=7095, Consensus=NNTTTCTCCNN, Score=654.405330370329
P0  A  C  G  T
01  958  1888  741  3508  N
02  738  1919  560  3878  N
03  105  331  58  6601  T
04  48  382  112  6553  T
05  109  839  171  5976  T
06  121  5431  283  1260  C
07  61  650  0  6384  T
08  67  6065  152  811  C
09  135  6242  0  718  C
10  1050  3137  173  2735  N
11  1136  2517  748  2694  N
XX
IC  0.259 0.384 1.550 1.524 1.205 0.976 1.488 1.266 1.394 0.410 0.173
XX
XL
00  217
01  1344
02  1862
03  1586
04  339
05  336
06  226
07  56
08  168
09  497
10  464
XX
//
