AC  HepG2.SF3A3.2
XX
TY  Motif
XX
ID  HepG2.SF3A3.2
XX
NA  HepG2.SF3A3.2
XX
DE  N=176, Consensus=NNCCACAGGNN, Score=89.0911478673431
P0  A  C  G  T
01  36  39  41  60  N
02  30  44  42  60  N
03  5  151  8  12  C
04  7  159  5  5  C
05  120  28  4  24  A
06  5  161  7  3  C
07  154  5  9  8  A
08  2  0  167  7  G
09  7  5  160  4  G
10  44  41  64  27  N
11  57  50  52  17  N
XX
IC  0.019 0.030 1.185 1.378 0.673 1.439 1.251 1.657 1.408 0.052 0.100
XX
XL
00  30
01  26
02  2
03  3
04  8
05  24
06  17
07  37
08  10
09  9
10  10
XX
//
