AC  HepG2.GTF2F1.6
XX
TY  Motif
XX
ID  HepG2.GTF2F1.6
XX
NA  HepG2.GTF2F1.6
XX
DE  N=740, Consensus=NNCGGGGTGNN, Score=252.98662199851
P0  A  C  G  T
01  68  88  466  118  N
02  88  87  428  137  N
03  64  281  265  130  C
04  22  9  681  28  G
05  2  1  737  0  G
06  0  0  740  0  G
07  4  3  733  0  G
08  65  51  46  578  T
09  2  6  727  5  G
10  44  75  578  43  N
11  97  81  492  70  N
XX
IC  0.473 0.361 0.190 1.480 1.955 1.997 1.911 0.895 1.844 0.903 0.550
XX
XL
00  9
01  2
02  6
03  128
04  52
05  137
06  17
07  16
08  11
09  152
10  210
XX
//
