AC  HepG2.HNRNPU.5
XX
TY  Motif
XX
ID  HepG2.HNRNPU.5
XX
NA  HepG2.HNRNPU.5
XX
DE  N=985, Consensus=NNGGGAGACNN, Score=294.127719826031
P0  A  C  G  T
01  135  276  215  359  N
02  769  14  82  120  N
03  43  0  906  36  G
04  0  0  985  0  G
05  30  2  942  11  G
06  973  0  7  5  A
07  5  0  978  2  G
08  673  64  213  35  A
09  131  565  216  73  C
10  377  183  251  174  N
11  221  147  500  117  N
XX
IC  0.081 0.963 1.515 1.998 1.692 1.891 1.931 0.717 0.392 0.072 0.243
XX
XL
00  93
01  51
02  11
03  737
04  37
05  1
06  1
07  5
08  13
09  19
10  17
XX
//
