AC  HepG2.SF3A3.1
XX
TY  Motif
XX
ID  HepG2.SF3A3.1
XX
NA  HepG2.SF3A3.1
XX
DE  N=290, Consensus=NNCTTTCAGNN,NNGTTTCAGNN, Score=97.6828333807394
P0  A  C  G  T
01  48  65  65  112  N
02  60  40  69  121  N
03  11  130  127  22  C
04  4  15  9  262  T
05  4  16  11  259  T
06  10  21  23  236  T
07  9  236  25  20  C
08  236  0  4  50  A
09  13  7  260  10  G
10  72  61  96  61  N
11  66  64  84  76  N
XX
IC  0.066 0.109 0.491 1.398 1.352 1.019 1.024 1.228 1.353 0.019 0.001
XX
XL
00  16
01  23
02  26
03  24
04  63
05  30
06  22
07  20
08  27
09  26
10  13
XX
//
