AC  HepG2.GTF2F1.8
XX
TY  Motif
XX
ID  HepG2.GTF2F1.8
XX
NA  HepG2.GTF2F1.8
XX
DE  N=796, Consensus=NNTGGGGGANN, Score=234.937937939362
P0  A  C  G  T
01  70  62  579  85  N
02  68  107  474  147  N
03  53  40  72  631  T
04  5  13  756  22  G
05  30  7  748  11  G
06  14  0  768  14  G
07  25  3  743  25  G
08  24  17  747  8  G
09  493  82  113  108  A
10  122  112  466  96  N
11  114  120  469  93  N
XX
IC  0.723 0.410 0.941 1.641 1.589 1.742 1.561 1.574 0.441 0.364 0.373
XX
XL
00  27
01  16
02  23
03  25
04  246
05  200
06  73
07  48
08  21
09  30
10  87
XX
//
