AC  HepG2.TAF15.4
XX
TY  Motif
XX
ID  HepG2.TAF15.4
XX
NA  HepG2.TAF15.4
XX
DE  N=1250, Consensus=NNTAAGGAGNN, Score=351.173695825914
P0  A  C  G  T
01  359  151  409  331  N
02  297  238  330  385  N
03  12  50  49  1139  T
04  1208  0  20  22  A
05  517  0  726  7  A
06  16  0  1218  16  G
07  20  8  1208  14  G
08  1250  0  0  0  A
09  20  0  1230  0  G
10  350  186  535  179  N
11  333  253  399  265  N
XX
IC  0.078 0.019 1.443 1.753 0.974 1.801 1.736 1.998 1.880 0.150 0.023
XX
XL
00  30
01  10
02  70
03  10
04  0
05  1060
06  19
07  0
08  5
09  35
10  11
XX
//
