AC  HepG2.LARP4.3
XX
TY  Motif
XX
ID  HepG2.LARP4.3
XX
NA  HepG2.LARP4.3
XX
DE  N=139, Consensus=NNCCCCAGTNN, Score=80.9007694442646
P0  A  C  G  T
01  22  33  23  61  N
02  21  40  34  44  N
03  8  118  6  7  C
04  3  130  1  5  C
05  6  123  4  6  C
06  12  122  3  2  C
07  119  5  1  14  A
08  6  9  114  10  G
09  4  11  5  119  T
10  16  32  53  38  N
11  27  38  30  44  N
XX
IC  0.120 0.033 1.134 1.551 1.290 1.307 1.235 1.025 1.183 0.096 0.011
XX
XL
00  33
01  12
02  0
03  1
04  2
05  2
06  8
07  4
08  38
09  20
10  19
XX
//
