AC  HepG2.SF3B4.4
XX
TY  Motif
XX
ID  HepG2.SF3B4.4
XX
NA  HepG2.SF3B4.4
XX
DE  N=817, Consensus=NNTGACTCTNN,NNTGTCTCTNN, Score=171.621713055029
P0  A  C  G  T
01  143  216  196  262  N
02  108  273  232  204  N
03  23  15  51  728  T
04  21  65  681  50  G
05  278  52  49  438  A
06  16  693  57  51  C
07  29  84  9  695  T
08  10  713  58  36  C
09  22  48  11  736  T
10  96  196  380  145  N
11  138  242  241  196  N
XX
IC  0.030 0.067 1.348 1.105 0.490 1.167 1.219 1.279 1.397 0.184 0.030
XX
XL
00  57
01  28
02  170
03  24
04  49
05  63
06  105
07  21
08  175
09  57
10  68
XX
//
