AC  HepG2.AGGF1.4
XX
TY  Motif
XX
ID  HepG2.AGGF1.4
XX
NA  HepG2.AGGF1.4
XX
DE  N=214, Consensus=NNAAGAACTNN, Score=108.371044601675
P0  A  C  G  T
01  70  28  48  68  N
02  62  26  94  32  N
03  187  12  15  0  A
04  200  0  8  6  A
05  17  5  189  3  G
06  203  4  3  4  A
07  197  2  8  7  A
08  31  132  17  34  C
09  7  6  7  194  T
10  42  16  42  114  N
11  40  20  76  78  N
XX
IC  0.069 0.171 1.318 1.577 1.328 1.617 1.478 0.444 1.394 0.304 0.157
XX
XL
00  23
01  14
02  9
03  2
04  1
05  2
06  6
07  11
08  49
09  65
10  32
XX
//
