AC  HepG2.U2AF2.0
XX
TY  Motif
XX
ID  HepG2.U2AF2.0
XX
NA  HepG2.U2AF2.0
XX
DE  N=784, Consensus=NNTTTCAGGNN, Score=218.417432073525
P0  A  C  G  T
01  113  132  48  491  N
02  93  104  40  547  N
03  7  9  0  768  T
04  3  14  11  756  T
05  42  43  31  668  T
06  32  586  31  135  C
07  737  2  0  45  A
08  34  5  702  43  G
09  92  41  567  84  G
10  130  204  129  321  N
11  177  190  155  262  N
XX
IC  0.492 0.664 1.833 1.726 1.160 0.874 1.655 1.382 0.729 0.106 0.026
XX
XL
00  202
01  153
02  93
03  145
04  20
05  18
06  3
07  16
08  35
09  38
10  61
XX
//
