AC  HepG2.LSM11.8
XX
TY  Motif
XX
ID  HepG2.LSM11.8
XX
NA  HepG2.LSM11.8
XX
DE  N=238, Consensus=NNTGTAACANN, Score=115.514101744044
P0  A  C  G  T
01  40  33  24  141  N
02  33  40  19  146  N
03  0  0  0  238  T
04  11  4  164  59  G
05  19  7  14  198  T
06  212  11  11  4  A
07  211  10  10  7  A
08  25  191  9  13  C
09  222  7  0  9  A
10  62  45  67  64  N
11  56  60  59  63  N
XX
IC  0.382 0.440 1.991 0.818 1.089 1.333 1.303 0.987 1.569 0.007 0.000
XX
XL
00  27
01  42
02  94
03  20
04  19
05  4
06  3
07  3
08  2
09  14
10  10
XX
//
