AC  HepG2.PCBP2.2
XX
TY  Motif
XX
ID  HepG2.PCBP2.2
XX
NA  HepG2.PCBP2.2
XX
DE  N=2169, Consensus=NNCTTCCTCNN, Score=388.741176995156
P0  A  C  G  T
01  140  1104  123  802  N
02  127  1147  81  814  N
03  20  1889  20  240  C
04  29  209  14  1917  T
05  23  275  31  1840  T
06  4  1988  14  163  C
07  13  2036  9  111  C
08  38  315  0  1816  T
09  30  1775  52  312  C
10  157  1174  84  754  N
11  116  1158  138  757  N
XX
IC  0.482 0.565 1.349 1.386 1.263 1.539 1.617 1.278 1.145 0.534 0.507
XX
XL
00  194
01  108
02  173
03  653
04  277
05  27
06  82
07  152
08  130
09  161
10  212
XX
//
