AC  HepG2.AGGF1.0
XX
TY  Motif
XX
ID  HepG2.AGGF1.0
XX
NA  HepG2.AGGF1.0
XX
DE  N=555, Consensus=NNGAAGAAANN,NNGAAGATANN, Score=146.374017578534
P0  A  C  G  T
01  232  67  102  154  N
02  170  18  175  192  N
03  45  16  464  30  G
04  499  15  33  8  A
05  504  0  31  20  A
06  37  7  498  13  G
07  485  18  36  16  A
08  326  10  20  199  A
09  400  24  72  59  A
10  174  77  141  163  N
11  145  69  150  191  N
XX
IC  0.139 0.258 1.111 1.387 1.465 1.389 1.262 0.737 0.734 0.055 0.076
XX
XL
00  40
01  80
02  88
03  20
04  13
05  19
06  11
07  62
08  41
09  74
10  107
XX
//
