AC  HepG2.TIA1.3
XX
TY  Motif
XX
ID  HepG2.TIA1.3
XX
NA  HepG2.TIA1.3
XX
DE  N=4719, Consensus=NNTTCTTTGNN,NNTTCTTGGNN, Score=479.584305764862
P0  A  C  G  T
01  806  681  453  2779  N
02  660  642  380  3037  N
03  42  99  50  4528  T
04  121  103  88  4407  T
05  327  2817  213  1362  C
06  61  108  0  4550  T
07  51  102  134  4432  T
08  76  23  1308  3312  T
09  314  289  3367  749  G
10  1008  814  1338  1559  N
11  973  926  1433  1387  N
XX
IC  0.387 0.509 1.695 1.544 0.569 1.743 1.578 0.995 0.724 0.043 0.027
XX
XL
00  272
01  153
02  292
03  473
04  323
05  599
06  1016
07  862
08  229
09  258
10  242
XX
//
