AC  HepG2.LIN28B.0
XX
TY  Motif
XX
ID  HepG2.LIN28B.0
XX
NA  HepG2.LIN28B.0
XX
DE  N=1388, Consensus=NNATGATGCNN,NNATGATACNN, Score=269.09474845728
P0  A  C  G  T
01  458  224  328  378  N
02  386  187  402  413  N
03  1246  7  81  54  A
04  91  10  59  1228  T
05  32  27  1268  61  G
06  1323  19  21  25  A
07  34  17  28  1309  T
08  644  23  655  66  G
09  265  825  119  179  C
10  390  417  223  358  N
11  357  306  482  243  N
XX
IC  0.043 0.057 1.399 1.339 1.445 1.652 1.596 0.666 0.411 0.035 0.044
XX
XL
00  38
01  89
02  13
03  136
04  23
05  18
06  968
07  13
08  15
09  44
10  31
XX
//
