AC  HepG2.UCHL5.2
XX
TY  Motif
XX
ID  HepG2.UCHL5.2
XX
NA  HepG2.UCHL5.2
XX
DE  N=537, Consensus=NNCATCGAGNN, Score=182.765085850601
P0  A  C  G  T
01  143  100  160  134  N
02  144  113  95  185  N
03  0  529  8  0  C
04  446  11  17  63  A
05  5  9  4  519  T
06  2  468  33  34  C
07  31  50  448  8  G
08  464  8  9  56  A
09  22  73  415  27  G
10  176  108  178  75  N
11  179  112  135  111  N
XX
IC  0.016 0.042 1.884 1.138 1.734 1.294 1.131 1.284 0.912 0.078 0.025
XX
XL
00  21
01  49
02  4
03  3
04  380
05  28
06  1
07  4
08  6
09  14
10  27
XX
//
