AC  HepG2.GRWD1.7
XX
TY  Motif
XX
ID  HepG2.GRWD1.7
XX
NA  HepG2.GRWD1.7
XX
DE  N=336, Consensus=NNCAAGCAANN, Score=122.295555205075
P0  A  C  G  T
01  84  53  57  142  N
02  53  79  59  145  N
03  12  279  30  15  C
04  291  24  5  16  A
05  313  3  14  6  A
06  14  16  296  10  G
07  23  287  20  6  C
08  305  20  5  6  A
09  260  13  38  25  A
10  64  65  122  85  N
11  66  71  74  125  N
XX
IC  0.114 0.118 1.088 1.242 1.543 1.281 1.188 1.430 0.891 0.047 0.047
XX
XL
00  45
01  83
02  57
03  4
04  9
05  2
06  23
07  3
08  19
09  29
10  62
XX
//
