AC  HepG2.UCHL5.0
XX
TY  Motif
XX
ID  HepG2.UCHL5.0
XX
NA  HepG2.UCHL5.0
XX
DE  N=402, Consensus=NNATGGACCNN, Score=144.540068774271
P0  A  C  G  T
01  114  72  80  136  N
02  56  143  105  98  N
03  272  69  24  37  A
04  4  4  21  373  T
05  5  22  357  18  G
06  20  6  371  5  G
07  362  13  19  8  A
08  17  351  20  14  C
09  30  344  11  17  C
10  98  85  83  136  N
11  48  108  162  84  N
XX
IC  0.042 0.066 0.617 1.540 1.334 1.503 1.378 1.247 1.188 0.025 0.119
XX
XL
00  34
01  29
02  7
03  229
04  20
05  7
06  1
07  0
08  6
09  36
10  33
XX
//
