AC  HepG2.BCCIP.7
XX
TY  Motif
XX
ID  HepG2.BCCIP.7
XX
NA  HepG2.BCCIP.7
XX
DE  N=253, Consensus=NNAGAGGGCNN, Score=122.416010899966
P0  A  C  G  T
01  71  22  116  44  N
02  39  35  147  32  N
03  182  3  57  11  A
04  1  3  249  0  G
05  221  3  18  11  A
06  5  1  242  5  G
07  8  1  244  0  G
08  11  6  229  7  G
09  54  162  25  12  C
10  60  48  112  33  N
11  47  49  114  43  N
XX
IC  0.216 0.348 0.893 1.861 1.277 1.675 1.752 1.393 0.566 0.140 0.129
XX
XL
00  78
01  13
02  37
03  9
04  16
05  9
06  71
07  5
08  3
09  5
10  7
XX
//
