AC  HepG2.CSTF2T.7
XX
TY  Motif
XX
ID  HepG2.CSTF2T.7
XX
NA  HepG2.CSTF2T.7
XX
DE  N=7373, Consensus=NNGAGGGAGNN, Score=694.743971481866
P0  A  C  G  T
01  1383  1320  3291  1379  N
02  1215  951  3595  1612  N
03  465  1475  4733  700  G
04  5997  175  707  494  A
05  121  3  7190  59  G
06  122  40  7143  68  G
07  342  188  6773  70  G
08  6419  179  374  401  A
09  169  118  7018  68  G
10  1506  1362  3922  583  N
11  1722  1479  3310  862  N
XX
IC  0.131 0.205 0.551 1.044 1.807 1.754 1.483 1.249 1.649 0.308 0.164
XX
XL
00  142
01  772
02  535
03  396
04  43
05  4306
06  135
07  57
08  50
09  723
10  214
XX
//
