AC  HepG2.HNRNPK.4
XX
TY  Motif
XX
ID  HepG2.HNRNPK.4
XX
NA  HepG2.HNRNPK.4
XX
DE  N=704, Consensus=NNATCCCTCNN, Score=226.215417920281
P0  A  C  G  T
01  78  339  56  231  N
02  65  275  55  309  N
03  314  121  78  191  A
04  3  19  7  675  T
05  1  681  5  17  C
06  4  685  0  15  C
07  10  659  0  35  C
08  14  29  2  659  T
09  4  626  29  45  C
10  81  446  23  154  N
11  73  440  53  138  N
XX
IC  0.320 0.341 0.178 1.698 1.757 1.798 1.605 1.582 1.361 0.580 0.492
XX
XL
00  44
01  196
02  183
03  35
04  8
05  6
06  37
07  50
08  51
09  52
10  42
XX
//
