AC  HepG2.ILF3.4
XX
TY  Motif
XX
ID  HepG2.ILF3.4
XX
NA  HepG2.ILF3.4
XX
DE  N=425, Consensus=NNGAGCCTCNN, Score=150.389219960333
P0  A  C  G  T
01  50  136  84  155  N
02  43  26  76  280  N
03  10  87  298  30  G
04  371  11  17  26  A
05  5  7  384  29  G
06  7  369  7  42  C
07  7  418  0  0  C
08  37  23  7  358  T
09  7  365  45  8  C
10  75  167  83  100  N
11  46  154  121  104  N
XX
IC  0.113 0.573 0.770 1.255 1.425 1.293 1.874 1.155 1.258 0.072 0.104
XX
XL
00  59
01  143
02  42
03  15
04  10
05  8
06  4
07  25
08  26
09  28
10  65
XX
//
