AC  HepG2.HNRNPK.0
XX
TY  Motif
XX
ID  HepG2.HNRNPK.0
XX
NA  HepG2.HNRNPK.0
XX
DE  N=576, Consensus=NNCCCAGTCNN, Score=205.903795640924
P0  A  C  G  T
01  84  127  115  250  N
02  50  138  70  318  N
03  7  550  0  19  C
04  9  561  0  6  C
05  12  544  6  14  C
06  366  68  10  132  A
07  6  36  480  54  G
08  14  97  25  440  T
09  2  551  9  14  C
10  73  405  5  93  N
11  59  368  44  105  N
XX
IC  0.124 0.354 1.693 1.797 1.603 0.628 1.138 0.940 1.683 0.777 0.515
XX
XL
00  217
01  10
02  0
03  1
04  19
05  51
06  184
07  34
08  8
09  22
10  30
XX
//
