AC  HepG2.GRWD1.4
XX
TY  Motif
XX
ID  HepG2.GRWD1.4
XX
NA  HepG2.GRWD1.4
XX
DE  N=1115, Consensus=NNTGATGGANN, Score=223.680759615475
P0  A  C  G  T
01  200  264  266  385  N
02  239  268  246  362  N
03  59  14  37  1005  T
04  20  78  957  60  G
05  846  114  79  76  A
06  72  10  56  977  T
07  18  15  1017  65  G
08  99  28  975  13  G
09  973  53  47  42  A
10  235  293  417  170  N
11  340  252  305  218  N
XX
IC  0.038 0.019 1.396 1.209 0.825 1.298 1.458 1.310 1.247 0.074 0.019
XX
XL
00  267
01  48
02  235
03  30
04  22
05  313
06  62
07  11
08  8
09  31
10  88
XX
//
