AC  HepG2.EIF3D.3
XX
TY  Motif
XX
ID  HepG2.EIF3D.3
XX
NA  HepG2.EIF3D.3
XX
DE  N=277, Consensus=NNTCAGCTGNN, Score=107.528574552645
P0  A  C  G  T
01  44  77  48  108  N
02  47  54  53  123  N
03  6  14  17  240  T
04  8  236  22  11  C
05  236  12  5  24  A
06  11  15  236  15  G
07  13  237  19  8  C
08  23  8  4  242  T
09  8  6  244  19  G
10  45  80  74  78  N
11  42  68  102  65  N
XX
IC  0.089 0.122 1.228 1.173 1.189 1.155 1.180 1.288 1.298 0.025 0.061
XX
XL
00  38
01  47
02  62
03  5
04  13
05  12
06  3
07  42
08  6
09  31
10  18
XX
//
