AC  HepG2.TAF15.9
XX
TY  Motif
XX
ID  HepG2.TAF15.9
XX
NA  HepG2.TAF15.9
XX
DE  N=1795, Consensus=NNGTAGGGANN, Score=402.582661467542
P0  A  C  G  T
01  710  233  484  368  N
02  459  136  765  435  N
03  168  168  1238  221  G
04  192  282  336  985  T
05  1711  0  78  6  A
06  64  0  1731  0  G
07  4  0  1791  0  G
08  57  8  1724  6  G
09  1791  0  0  4  A
10  154  74  1496  71  N
11  516  308  708  263  N
XX
IC  0.109 0.194 0.617 0.307 1.709 1.777 1.976 1.723 1.976 1.102 0.110
XX
XL
00  21
01  24
02  214
03  24
04  17
05  9
06  1361
07  77
08  2
09  3
10  43
XX
//
