AC  HepG2.PTBP1.7
XX
TY  Motif
XX
ID  HepG2.PTBP1.7
XX
NA  HepG2.PTBP1.7
XX
DE  N=3503, Consensus=NNTCCTTTCNN, Score=550.986204591302
P0  A  C  G  T
01  140  1453  72  1838  N
02  165  654  82  2602  N
03  18  93  21  3371  T
04  37  2202  71  1193  C
05  48  2801  6  648  C
06  16  62  0  3425  T
07  17  62  41  3383  T
08  7  302  18  3176  T
09  41  3058  55  349  C
10  225  920  62  2296  N
11  227  992  197  2087  N
XX
IC  0.684 0.894 1.724 0.866 1.190 1.829 1.735 1.509 1.328 0.736 0.549
XX
XL
00  181
01  218
02  91
03  116
04  265
05  418
06  1068
07  237
08  190
09  215
10  504
XX
//
