AC  HepG2.GRWD1.5
XX
TY  Motif
XX
ID  HepG2.GRWD1.5
XX
NA  HepG2.GRWD1.5
XX
DE  N=1438, Consensus=NNCTGGACANN, Score=281.816115110827
P0  A  C  G  T
01  454  255  235  494  N
02  225  442  313  458  N
03  70  1196  78  94  C
04  51  0  19  1368  T
05  19  4  1382  33  G
06  48  35  1331  24  G
07  1235  77  82  44  A
08  85  1185  143  25  C
09  1088  153  87  110  A
10  388  204  368  478  N
11  185  493  511  249  N
XX
IC  0.074 0.052 1.080 1.677 1.712 1.502 1.194 1.094 0.822 0.057 0.120
XX
XL
00  93
01  149
02  32
03  798
04  14
05  8
06  3
07  8
08  30
09  200
10  103
XX
//
