AC  HepG2.RBM22.2
XX
TY  Motif
XX
ID  HepG2.RBM22.2
XX
NA  HepG2.RBM22.2
XX
DE  N=350, Consensus=NNTCCCGGGNN, Score=138.820641549721
P0  A  C  G  T
01  35  94  83  138  N
02  17  102  60  171  N
03  0  18  15  317  T
04  2  322  14  12  C
05  3  337  3  7  C
06  28  246  13  63  C
07  28  20  255  47  G
08  9  9  326  6  G
09  0  11  331  8  G
10  63  85  131  71  N
11  43  108  116  83  N
XX
IC  0.130 0.322 1.449 1.488 1.711 0.723 0.745 1.526 1.636 0.055 0.078
XX
XL
00  60
01  69
02  121
03  13
04  0
05  22
06  7
07  13
08  11
09  5
10  29
XX
//
