AC  HepG2.LSM11.4
XX
TY  Motif
XX
ID  HepG2.LSM11.4
XX
NA  HepG2.LSM11.4
XX
DE  N=297, Consensus=NNGAGCTGTNN, Score=121.606370448194
P0  A  C  G  T
01  60  53  101  83  N
02  51  27  113  106  N
03  9  14  263  11  G
04  265  0  16  16  A
05  6  13  272  6  G
06  7  269  12  9  C
07  10  7  2  278  T
08  6  15  255  21  G
09  19  24  51  203  T
10  39  52  111  95  N
11  50  73  94  80  N
XX
IC  0.040 0.181 1.301 1.392 1.452 1.396 1.563 1.202 0.634 0.111 0.027
XX
XL
00  28
01  106
02  0
03  3
04  2
05  1
06  50
07  15
08  28
09  35
10  29
XX
//
