AC  HepG2.SF3B4.2
XX
TY  Motif
XX
ID  HepG2.SF3B4.2
XX
NA  HepG2.SF3B4.2
XX
DE  N=892, Consensus=NNTTTCAGGNN,NNTTGCAGGNN, Score=178.50700265191
P0  A  C  G  T
01  123  222  275  272  N
02  152  226  238  276  N
03  33  96  64  699  T
04  16  41  65  770  T
05  25  49  440  378  T
06  41  745  66  40  C
07  747  13  28  104  A
08  28  17  822  25  G
09  39  19  807  27  G
10  175  229  315  173  N
11  182  232  288  190  N
XX
IC  0.058 0.028 0.927 1.231 0.595 1.098 1.176 1.479 1.398 0.044 0.023
XX
XL
00  64
01  56
02  72
03  249
04  77
05  220
06  18
07  4
08  32
09  48
10  52
XX
//
