AC  HepG2.SRSF7.3
XX
TY  Motif
XX
ID  HepG2.SRSF7.3
XX
NA  HepG2.SRSF7.3
XX
DE  N=1270, Consensus=NNTGTGTGANN, Score=385.036779511267
P0  A  C  G  T
01  94  120  96  960  N
02  142  86  975  67  N
03  15  2  19  1234  T
04  2  0  1266  2  G
05  32  0  0  1238  T
06  11  6  1246  7  G
07  12  0  0  1258  T
08  0  0  1270  0  G
09  224  174  106  766  A
10  239  109  812  110  N
11  80  138  174  878  N
XX
IC  0.812 0.865 1.777 1.964 1.829 1.834 1.921 1.998 0.425 0.523 0.638
XX
XL
00  123
01  2
02  148
03  2
04  124
05  3
06  258
07  1
08  168
09  3
10  438
XX
//
