AC  HepG2.PRPF8.7
XX
TY  Motif
XX
ID  HepG2.PRPF8.7
XX
NA  HepG2.PRPF8.7
XX
DE  N=10499, Consensus=NNCAGGTGANN, Score=993.390361672184
P0  A  C  G  T
01  2820  2978  2592  2109  N
02  2416  3099  3223  1761  N
03  1604  7188  1456  251  C
04  9127  357  393  622  A
05  202  77  10127  93  G
06  17  19  10463  0  G
07  26  22  17  10434  T
08  1283  305  8858  53  G
09  9256  419  641  183  A
10  450  608  9086  355  N
11  1383  2574  3252  3290  N
XX
IC  0.011 0.037 0.687 1.239 1.728 1.963 1.936 1.235 1.306 1.221 0.069
XX
XL
00  244
01  18
02  14
03  18
04  8810
05  1152
06  69
07  18
08  36
09  48
10  72
XX
//
