AC  HepG2.RBFOX2.3
XX
TY  Motif
XX
ID  HepG2.RBFOX2.3
XX
NA  HepG2.RBFOX2.3
XX
DE  N=3370, Consensus=NNGCATGTGNN, Score=539.778263036197
P0  A  C  G  T
01  677  1109  874  710  N
02  719  292  235  2124  N
03  0  0  3370  0  G
04  0  3331  13  26  C
05  3301  21  28  20  A
06  0  86  3  3281  T
07  0  20  3350  0  G
08  332  322  789  1927  T
09  135  278  2632  325  G
10  449  720  1577  624  N
11  670  857  1232  611  N
XX
IC  0.028 0.530 1.999 1.898 1.823 1.818 1.947 0.395 0.913 0.173 0.056
XX
XL
00  13
01  26
02  2025
03  3
04  16
05  89
06  957
07  53
08  97
09  65
10  26
XX
//
