AC  HepG2.FAM120A.8
XX
TY  Motif
XX
ID  HepG2.FAM120A.8
XX
NA  HepG2.FAM120A.8
XX
DE  N=3128, Consensus=NNGGGAGGCNN, Score=473.96899594132
P0  A  C  G  T
01  334  489  1661  644  N
02  891  177  1543  517  N
03  50  10  3040  28  G
04  28  0  3088  12  G
05  39  45  3044  0  G
06  2662  129  183  154  A
07  38  0  3090  0  G
08  60  45  3023  0  G
09  488  1161  1253  226  C
10  762  526  1442  398  N
11  588  506  1699  335  N
XX
IC  0.282 0.317 1.777 1.889 1.794 1.158 1.905 1.754 0.248 0.177 0.297
XX
XL
00  230
01  679
02  80
03  798
04  210
05  14
06  63
07  552
08  362
09  29
10  111
XX
//
