AC  HepG2.XPO5.0
XX
TY  Motif
XX
ID  HepG2.XPO5.0
XX
NA  HepG2.XPO5.0
XX
DE  N=506, Consensus=NNCCTGTGCNN, Score=162.107653086275
P0  A  C  G  T
01  83  137  161  125  N
02  73  161  155  117  N
03  27  396  47  36  C
04  27  460  10  9  C
05  8  10  7  481  T
06  5  28  457  16  G
07  42  14  54  396  T
08  3  20  477  6  G
09  19  413  43  31  C
10  122  156  79  149  N
11  74  159  150  123  N
XX
IC  0.034 0.056 0.904 1.430 1.634 1.409 0.933 1.611 1.030 0.040 0.049
XX
XL
00  33
01  12
02  4
03  10
04  236
05  8
06  141
07  3
08  7
09  20
10  32
XX
//
