AC  HepG2.XPO5.9
XX
TY  Motif
XX
ID  HepG2.XPO5.9
XX
NA  HepG2.XPO5.9
XX
DE  N=356, Consensus=NNTGGTCCTNN, Score=133.582967337354
P0  A  C  G  T
01  45  123  106  82  N
02  64  122  101  69  N
03  15  6  22  313  T
04  2  2  334  18  G
05  3  32  310  11  G
06  11  41  32  272  T
07  7  306  25  18  C
08  9  324  6  17  C
09  14  31  7  304  T
10  26  91  175  64  N
11  43  93  119  101  N
XX
IC  0.079 0.045 1.291 1.606 1.295 0.871 1.208 1.427 1.198 0.266 0.076
XX
XL
00  20
01  17
02  122
03  9
04  5
05  24
06  2
07  6
08  96
09  22
10  33
XX
//
