AC  HepG2.DDX59.6
XX
TY  Motif
XX
ID  HepG2.DDX59.6
XX
NA  HepG2.DDX59.6
XX
DE  N=141, Consensus=NNCTCCCATNN, Score=94.8917707563038
P0  A  C  G  T
01  19  69  11  42  N
02  14  70  17  40  N
03  1  128  2  10  C
04  3  6  0  132  T
05  5  130  3  3  C
06  2  139  0  0  C
07  0  136  1  4  C
08  66  34  5  36  A
09  0  8  12  121  T
10  0  66  31  44  N
11  9  63  20  49  N
XX
IC  0.283 0.269 1.449 1.584 1.469 1.877 1.738 0.303 1.258 0.467 0.282
XX
XL
00  14
01  5
02  14
03  7
04  1
05  1
06  11
07  18
08  32
09  18
10  20
XX
//
