AC  HepG2.BCCIP.0
XX
TY  Motif
XX
ID  HepG2.BCCIP.0
XX
NA  HepG2.BCCIP.0
XX
DE  N=1460, Consensus=NNGAGGCAGNN,NNGAGGGAGNN, Score=298.046465102185
P0  A  C  G  T
01  300  222  633  305  N
02  283  181  655  341  N
03  125  294  829  212  G
04  1301  16  95  48  A
05  41  0  1409  10  G
06  56  20  1354  30  G
07  72  233  1133  22  C
08  1334  17  51  58  A
09  33  24  1390  13  G
10  311  239  737  173  N
11  334  272  662  192  N
XX
IC  0.122 0.157 0.361 1.360 1.755 1.517 0.987 1.451 1.649 0.233 0.158
XX
XL
00  32
01  239
02  91
03  47
04  14
05  870
06  14
07  6
08  5
09  123
10  19
XX
//
