AC  HepG2.FAM120A.0
XX
TY  Motif
XX
ID  HepG2.FAM120A.0
XX
NA  HepG2.FAM120A.0
XX
DE  N=2030, Consensus=NNCTGGGGGNN, Score=337.640624453906
P0  A  C  G  T
01  278  274  1103  375  N
02  193  319  1127  391  N
03  96  1155  562  217  C
04  45  61  114  1810  T
05  0  19  1949  62  G
06  46  30  1879  75  G
07  61  11  1905  53  G
08  89  25  1828  88  G
09  79  61  1815  75  G
10  445  377  801  407  N
11  363  284  1104  279  N
XX
IC  0.288 0.328 0.470 1.344 1.726 1.506 1.583 1.391 1.345 0.074 0.286
XX
XL
00  125
01  71
02  96
03  47
04  112
05  713
06  260
07  204
08  117
09  139
10  146
XX
//
