AC  HepG2.GTF2F1.1
XX
TY  Motif
XX
ID  HepG2.GTF2F1.1
XX
NA  HepG2.GTF2F1.1
XX
DE  N=1718, Consensus=NNGGGGCGGNN, Score=345.290561112502
P0  A  C  G  T
01  202  236  967  313  N
02  195  211  985  327  N
03  47  49  1594  28  G
04  17  42  1636  23  G
05  38  26  1632  22  G
06  14  37  1647  20  G
07  364  779  178  397  C
08  60  38  1554  66  G
09  4  23  1681  10  G
10  199  261  1093  165  N
11  233  285  1002  198  N
XX
IC  0.328 0.355 1.513 1.651 1.635 1.690 0.180 1.397 1.821 0.486 0.365
XX
XL
00  39
01  44
02  405
03  94
04  178
05  36
06  33
07  87
08  340
09  408
10  54
XX
//
