AC  HepG2.IGF2BP1.4
XX
TY  Motif
XX
ID  HepG2.IGF2BP1.4
XX
NA  HepG2.IGF2BP1.4
XX
DE  N=613, Consensus=NNCCACCACNN,NNTCACCACNN, Score=152.029784531994
P0  A  C  G  T
01  111  214  61  227  N
02  141  143  88  241  N
03  10  285  7  311  C
04  18  542  16  37  C
05  483  68  3  59  A
06  23  536  32  22  C
07  25  572  0  16  C
08  481  57  20  55  A
09  13  531  37  32  C
10  134  258  76  145  N
11  142  178  135  158  N
XX
IC  0.158 0.087 0.816 1.308 1.011 1.255 1.578 0.930 1.232 0.126 0.005
XX
XL
00  96
01  132
02  54
03  76
04  25
05  6
06  45
07  16
08  26
09  69
10  68
XX
//
