AC  HepG2.XPO5.3
XX
TY  Motif
XX
ID  HepG2.XPO5.3
XX
NA  HepG2.XPO5.3
XX
DE  N=309, Consensus=NNGGTTGCCNN, Score=124.549457938796
P0  A  C  G  T
01  52  57  120  80  N
02  77  28  124  80  N
03  6  7  280  16  G
04  8  9  284  8  G
05  31  38  19  221  T
06  9  9  26  265  T
07  0  11  287  11  G
08  3  290  8  8  C
09  45  246  4  14  C
10  56  82  92  79  N
11  38  67  86  118  N
XX
IC  0.076 0.146 1.409 1.460 0.695 1.205 1.551 1.569 1.043 0.015 0.099
XX
XL
00  21
01  34
02  5
03  7
04  44
05  137
06  5
07  4
08  4
09  20
10  28
XX
//
