AC  HepG2.PTBP1.6
XX
TY  Motif
XX
ID  HepG2.PTBP1.6
XX
NA  HepG2.PTBP1.6
XX
DE  N=2495, Consensus=NNTCTCTTCNN, Score=439.249319300831
P0  A  C  G  T
01  123  588  63  1721  N
02  136  775  79  1505  N
03  5  41  5  2444  T
04  30  1913  32  520  C
05  10  64  0  2421  T
06  34  1776  28  657  C
07  24  62  0  2409  T
08  17  116  23  2339  T
09  34  1841  40  580  C
10  189  911  72  1323  N
11  217  721  154  1403  N
XX
IC  0.790 0.649 1.837 1.076 1.790 0.986 1.753 1.595 1.006 0.554 0.460
XX
XL
00  102
01  371
02  91
03  187
04  185
05  321
06  174
07  476
08  140
09  149
10  299
XX
//
