AC  HepG2.U2AF2.1
XX
TY  Motif
XX
ID  HepG2.U2AF2.1
XX
NA  HepG2.U2AF2.1
XX
DE  N=1103, Consensus=NNCTTTCAGNN, Score=259.151628505314
P0  A  C  G  T
01  124  171  89  719  N
02  110  175  76  742  N
03  33  782  36  252  C
04  17  35  0  1051  T
05  0  18  13  1072  T
06  37  66  27  973  T
07  16  1012  13  62  C
08  939  14  7  143  A
09  38  87  887  91  G
10  203  272  283  345  N
11  185  302  179  437  N
XX
IC  0.531 0.594 0.847 1.681 1.786 1.300 1.487 1.292 0.992 0.023 0.099
XX
XL
00  323
01  102
02  73
03  103
04  259
05  38
06  11
07  5
08  24
09  82
10  83
XX
//
