AC  HepG2.DDX55.4
XX
TY  Motif
XX
ID  HepG2.DDX55.4
XX
NA  HepG2.DDX55.4
XX
DE  N=68, Consensus=NNATCATGTNN, Score=55.8890000709812
P0  A  C  G  T
01  20  13  9  26  N
02  16  20  11  21  N
03  58  0  0  10  A
04  1  2  4  61  T
05  4  61  0  3  C
06  63  2  0  3  A
07  5  0  2  61  T
08  2  5  49  12  G
09  3  2  5  58  T
10  17  11  14  26  N
11  15  17  13  23  N
XX
IC  0.076 0.009 1.366 1.348 1.389 1.518 1.401 0.759 1.147 0.043 0.002
XX
XL
00  10
01  9
02  4
03  0
04  3
05  3
06  14
07  4
08  12
09  3
10  6
XX
//
