AC  HepG2.PRPF8.1
XX
TY  Motif
XX
ID  HepG2.PRPF8.1
XX
NA  HepG2.PRPF8.1
XX
DE  N=5130, Consensus=NNTCAAGGTNN, Score=617.595216735562
P0  A  C  G  T
01  995  1606  1204  1325  N
02  1305  996  998  1831  N
03  553  683  478  3416  T
04  324  3936  574  296  C
05  4003  922  130  75  A
06  4856  83  70  121  A
07  44  17  5045  24  G
08  0  0  5130  0  G
09  25  9  0  5096  T
10  2499  264  2199  168  N
11  2836  700  1040  554  N
XX
IC  0.021 0.048 0.556 0.864 1.052 1.616 1.853 2.000 1.937 0.588 0.321
XX
XL
00  1336
01  414
02  74
03  17
04  28
05  15
06  2762
07  386
08  41
09  31
10  26
XX
//
