AC  HepG2.IGF2BP1.1
XX
TY  Motif
XX
ID  HepG2.IGF2BP1.1
XX
NA  HepG2.IGF2BP1.1
XX
DE  N=306, Consensus=NNCCACACCNN, Score=115.766727627478
P0  A  C  G  T
01  57  88  42  119  N
02  73  67  39  127  N
03  13  265  8  20  C
04  10  274  2  20  C
05  247  30  8  21  A
06  9  278  13  6  C
07  263  28  0  15  A
08  14  242  21  29  C
09  9  283  3  11  C
10  69  97  44  96  N
11  76  95  68  67  N
XX
IC  0.101 0.115 1.225 1.384 1.012 1.413 1.276 0.934 1.501 0.056 0.008
XX
XL
00  63
01  49
02  7
03  49
04  8
05  11
06  3
07  8
08  22
09  51
10  35
XX
//
