AC  HepG2.SF3A3.5
XX
TY  Motif
XX
ID  HepG2.SF3A3.5
XX
NA  HepG2.SF3A3.5
XX
DE  N=117, Consensus=NNTCTGACCNN, Score=72.1504447766474
P0  A  C  G  T
01  26  31  28  32  N
02  21  37  24  35  N
03  2  3  4  108  T
04  6  99  10  2  C
05  1  0  0  116  T
06  2  3  106  6  G
07  74  17  15  11  A
08  8  95  9  5  C
09  3  109  0  5  C
10  25  34  15  43  N
11  24  27  43  23  N
XX
IC  0.000 0.022 1.473 1.154 1.911 1.397 0.459 0.994 1.556 0.077 0.032
XX
XL
00  5
01  8
02  34
03  14
04  14
05  7
06  4
07  2
08  7
09  9
10  13
XX
//
