AC  HepG2.LIN28B.4
XX
TY  Motif
XX
ID  HepG2.LIN28B.4
XX
NA  HepG2.LIN28B.4
XX
DE  N=656, Consensus=NNTGGTGATNN, Score=185.904141013623
P0  A  C  G  T
01  136  118  219  183  N
02  195  157  153  151  N
03  49  17  23  567  T
04  23  9  566  58  G
05  109  23  492  32  G
06  99  4  25  528  T
07  8  6  621  21  G
08  597  15  23  21  A
09  11  12  12  621  T
10  165  72  253  166  N
11  154  131  188  183  N
XX
IC  0.039 0.005 1.229 1.249 0.873 1.108 1.623 1.420 1.612 0.114 0.011
XX
XL
00  50
01  31
02  72
03  36
04  13
05  34
06  7
07  3
08  365
09  15
10  30
XX
//
