AC  HepG2.HNRNPU.4
XX
TY  Motif
XX
ID  HepG2.HNRNPU.4
XX
NA  HepG2.HNRNPU.4
XX
DE  N=2117, Consensus=NNAGGAAGGNN, Score=369.496074385177
P0  A  C  G  T
01  455  334  721  607  N
02  456  530  529  602  N
03  2006  0  63  48  A
04  53  0  2041  23  G
05  80  30  1966  41  G
06  1243  88  716  70  A
07  1972  4  107  34  A
08  49  0  2046  22  G
09  154  146  1731  86  G
10  647  366  839  265  N
11  785  370  679  283  N
XX
IC  0.056 0.006 1.651 1.744 1.524 0.666 1.573 1.757 1.033 0.134 0.114
XX
XL
00  234
01  227
02  28
03  48
04  1209
05  42
06  3
07  38
08  195
09  73
10  20
XX
//
