AC  HepG2.NKRF.7
XX
TY  Motif
XX
ID  HepG2.NKRF.7
XX
NA  HepG2.NKRF.7
XX
DE  N=1626, Consensus=NNGGGGCTGNN, Score=300.877526918123
P0  A  C  G  T
01  208  272  851  295  N
02  190  234  841  361  N
03  39  27  1488  72  G
04  29  23  1538  36  G
05  61  14  1518  33  G
06  26  55  1510  35  G
07  48  1197  305  76  C
08  107  88  319  1112  T
09  9  50  1534  33  G
10  169  323  937  197  N
11  188  320  911  207  N
XX
IC  0.252 0.260 1.455 1.611 1.555 1.520 0.864 0.677 1.609 0.369 0.330
XX
XL
00  48
01  105
02  300
03  188
04  250
05  72
06  34
07  126
08  80
09  208
10  215
XX
//
