AC  HepG2.HNRNPU.6
XX
TY  Motif
XX
ID  HepG2.HNRNPU.6
XX
NA  HepG2.HNRNPU.6
XX
DE  N=2272, Consensus=NNAGGGAGANN, Score=417.356873156111
P0  A  C  G  T
01  495  371  802  604  N
02  387  658  559  668  N
03  2203  0  37  32  A
04  89  0  2167  16  G
05  62  0  2177  33  G
06  154  38  2036  44  G
07  2199  0  43  30  A
08  33  28  2189  22  G
09  1136  248  716  172  A
10  547  449  917  359  N
11  760  406  803  303  N
XX
IC  0.055 0.029 1.773 1.700 1.710 1.385 1.763 1.716 0.343 0.093 0.109
XX
XL
00  194
01  144
02  9
03  8
04  1678
05  69
06  3
07  17
08  24
09  59
10  67
XX
//
