AC  HepG2.SF3A3.7
XX
TY  Motif
XX
ID  HepG2.SF3A3.7
XX
NA  HepG2.SF3A3.7
XX
DE  N=255, Consensus=NNTGTCTCTNN, Score=105.10969200305
P0  A  C  G  T
01  42  59  67  87  N
02  39  80  54  82  N
03  7  4  8  236  T
04  3  27  193  32  G
05  7  17  16  215  T
06  7  204  15  29  C
07  3  12  2  238  T
08  3  225  10  17  C
09  4  12  0  239  T
10  23  53  90  89  N
11  45  64  66  80  N
XX
IC  0.038 0.052 1.495 0.893 1.130 0.994 1.561 1.313 1.602 0.147 0.020
XX
XL
00  7
01  12
02  23
03  30
04  14
05  20
06  42
07  13
08  36
09  30
10  28
XX
//
