AC  HepG2.NKRF.1
XX
TY  Motif
XX
ID  HepG2.NKRF.1
XX
NA  HepG2.NKRF.1
XX
DE  N=539, Consensus=NNCCCGGGGNN, Score=154.034004880531
P0  A  C  G  T
01  45  133  251  110  N
02  60  139  225  115  N
03  9  464  53  13  C
04  10  454  54  21  C
05  16  444  37  42  C
06  37  33  431  38  G
07  13  18  497  11  G
08  8  25  495  11  G
09  10  32  472  25  G
10  85  148  204  102  N
11  68  160  230  81  N
XX
IC  0.217 0.138 1.253 1.166 1.063 0.956 1.480 1.473 1.274 0.079 0.164
XX
XL
00  114
01  23
02  20
03  12
04  34
05  56
06  76
07  88
08  36
09  30
10  50
XX
//
