AC  HepG2.NKRF.0
XX
TY  Motif
XX
ID  HepG2.NKRF.0
XX
NA  HepG2.NKRF.0
XX
DE  N=421, Consensus=NNGGGTTCGNN, Score=155.189590197202
P0  A  C  G  T
01  52  85  194  90  N
02  72  65  183  101  N
03  0  0  421  0  G
04  0  0  421  0  G
05  1  6  411  3  G
06  8  26  41  346  T
07  5  26  53  337  T
08  8  249  109  55  C
09  13  28  355  25  G
10  29  74  258  60  N
11  41  108  214  58  N
XX
IC  0.165 0.126 1.995 1.995 1.802 1.078 1.037 0.550 1.131 0.455 0.274
XX
XL
00  12
01  33
02  24
03  97
04  43
05  25
06  65
07  28
08  13
09  48
10  33
XX
//
