AC  HepG2.PPIG.3
XX
TY  Motif
XX
ID  HepG2.PPIG.3
XX
NA  HepG2.PPIG.3
XX
DE  N=916, Consensus=NNTGATGGANN, Score=211.031519300699
P0  A  C  G  T
01  152  223  284  257  N
02  245  226  227  218  N
03  82  15  40  779  T
04  14  49  804  49  G
05  705  96  77  38  A
06  58  7  53  798  T
07  14  13  849  40  G
08  66  21  827  2  G
09  798  44  39  35  A
10  164  224  415  113  N
11  259  240  274  143  N
XX
IC  0.033 0.000 1.193 1.288 0.875 1.281 1.519 1.447 1.240 0.167 0.037
XX
XL
00  120
01  33
02  215
03  33
04  9
05  374
06  45
07  7
08  7
09  34
10  39
XX
//
