AC  HepG2.TIA1.4
XX
TY  Motif
XX
ID  HepG2.TIA1.4
XX
NA  HepG2.TIA1.4
XX
DE  N=2079, Consensus=NNTTTCTGGNN, Score=333.920887253873
P0  A  C  G  T
01  383  314  235  1147  N
02  415  313  190  1161  N
03  22  36  16  2005  T
04  11  41  21  2006  T
05  36  51  67  1925  T
06  133  1365  135  446  C
07  67  19  21  1972  T
08  99  19  1719  242  G
09  139  121  1640  179  G
10  400  369  719  591  N
11  432  417  657  573  N
XX
IC  0.309 0.339 1.724 1.731 1.504 0.614 1.638 1.140 0.925 0.053 0.025
XX
XL
00  181
01  154
02  128
03  389
04  677
05  171
06  181
07  97
08  24
09  27
10  50
XX
//
