AC  HepG2.NCBP2.6
XX
TY  Motif
XX
ID  HepG2.NCBP2.6
XX
NA  HepG2.NCBP2.6
XX
DE  N=180, Consensus=NNCGGCGGTNN, Score=103.479081313284
P0  A  C  G  T
01  15  36  96  33  N
02  11  38  118  13  N
03  5  159  14  2  C
04  5  7  166  2  G
05  0  3  177  0  G
06  2  159  15  4  C
07  15  4  150  11  G
08  1  7  168  4  G
09  3  30  30  117  T
10  14  43  93  30  N
11  17  43  84  36  N
XX
IC  0.292 0.595 1.328 1.482 1.866 1.337 1.102 1.549 0.624 0.285 0.196
XX
XL
00  12
01  14
02  6
03  4
04  7
05  20
06  8
07  18
08  49
09  15
10  27
XX
//
