AC  HepG2.GTF2F1.4
XX
TY  Motif
XX
ID  HepG2.GTF2F1.4
XX
NA  HepG2.GTF2F1.4
XX
DE  N=1487, Consensus=NNGGGGGCGNN, Score=305.459884582852
P0  A  C  G  T
01  146  204  890  247  N
02  203  181  762  341  N
03  29  51  1371  36  G
04  44  48  1361  34  G
05  42  57  1358  30  G
06  48  26  1393  20  G
07  21  38  1408  20  G
08  221  825  176  265  C
09  49  48  1350  40  G
10  98  195  1079  115  N
11  166  280  884  157  N
XX
IC  0.403 0.255 1.483 1.447 1.440 1.565 1.618 0.310 1.410 0.734 0.403
XX
XL
00  59
01  44
02  68
03  362
04  141
05  123
06  62
07  59
08  89
09  198
10  282
XX
//
