AC  HepG2.LARP4.6
XX
TY  Motif
XX
ID  HepG2.LARP4.6
XX
NA  HepG2.LARP4.6
XX
DE  N=117, Consensus=NNCGATCTTNN, Score=81.1898453298906
P0  A  C  G  T
01  19  32  27  39  N
02  31  25  23  38  N
03  19  78  6  14  C
04  6  24  81  6  G
05  97  17  1  2  A
06  2  4  3  108  T
07  0  106  1  10  C
08  0  0  0  117  T
09  0  0  1  116  T
10  15  24  27  51  N
11  14  35  27  41  N
XX
IC  0.028 0.010 0.579 0.706 1.194 1.473 1.490 1.982 1.911 0.122 0.076
XX
XL
00  5
01  6
02  1
03  0
04  0
05  2
06  4
07  26
08  50
09  12
10  11
XX
//
