AC  HepG2.SRSF9.3
XX
TY  Motif
XX
ID  HepG2.SRSF9.3
XX
NA  HepG2.SRSF9.3
XX
DE  N=805, Consensus=NNTCTGGACNN, Score=235.245541250544
P0  A  C  G  T
01  195  197  203  210  N
02  203  220  128  254  N
03  90  66  97  552  T
04  12  737  33  23  C
05  15  0  6  784  T
06  0  0  805  0  G
07  0  0  802  3  G
08  764  14  18  9  A
09  97  474  166  68  C
10  165  271  230  139  N
11  160  223  282  140  N
XX
IC  0.000 0.038 0.607 1.455 1.800 1.997 1.962 1.629 0.409 0.046 0.052
XX
XL
00  19
01  36
02  42
03  41
04  599
05  0
06  1
07  0
08  13
09  34
10  20
XX
//
