AC  HepG2.HNRNPM.0
XX
TY  Motif
XX
ID  HepG2.HNRNPM.0
XX
NA  HepG2.HNRNPM.0
XX
DE  N=2660, Consensus=NNTGTTGGTNN,NNTGTTGGCNN, Score=319.125954229631
P0  A  C  G  T
01  413  340  670  1237  N
02  362  522  682  1094  N
03  46  12  48  2554  T
04  45  108  2087  420  G
05  81  122  204  2253  T
06  54  28  160  2418  T
07  41  24  2237  358  G
08  102  112  2161  285  G
09  74  1035  107  1444  T
10  455  491  780  934  N
11  411  394  996  859  N
XX
IC  0.188 0.116 1.702 1.017 1.155 1.447 1.246 1.038 0.661 0.064 0.118
XX
XL
00  281
01  206
02  216
03  368
04  569
05  247
06  166
07  102
08  129
09  160
10  216
XX
//
