AC  HepG2.GRWD1.8
XX
TY  Motif
XX
ID  HepG2.GRWD1.8
XX
NA  HepG2.GRWD1.8
XX
DE  N=566, Consensus=NNAAGAACCNN, Score=169.612247610486
P0  A  C  G  T
01  145  84  96  241  N
02  104  150  226  86  N
03  475  40  44  7  A
04  519  4  18  25  A
05  14  14  533  5  G
06  509  15  21  21  A
07  498  27  11  30  A
08  41  445  55  25  C
09  37  440  14  75  C
10  104  83  64  315  N
11  57  133  161  215  N
XX
IC  0.126 0.097 1.149 1.474 1.590 1.367 1.289 0.923 0.938 0.315 0.125
XX
XL
00  101
01  54
02  7
03  16
04  7
05  10
06  4
07  6
08  45
09  161
10  155
XX
//
