AC  HepG2.HNRNPM.1
XX
TY  Motif
XX
ID  HepG2.HNRNPM.1
XX
NA  HepG2.HNRNPM.1
XX
DE  N=1468, Consensus=NNTGGTTGTNN, Score=264.106981321914
P0  A  C  G  T
01  212  206  294  756  N
02  181  254  390  643  N
03  24  0  19  1425  T
04  28  13  1210  217  G
05  62  70  1118  218  G
06  51  112  55  1250  T
07  21  7  125  1315  T
08  25  38  1213  192  G
09  16  30  76  1346  T
10  126  244  623  475  N
11  214  223  473  558  N
XX
IC  0.240 0.159 1.779 1.192 0.889 1.172 1.429 1.151 1.477 0.213 0.124
XX
XL
00  91
01  194
02  125
03  31
04  86
05  153
06  158
07  173
08  179
09  113
10  165
XX
//
