AC  HepG2.SRSF7.5
XX
TY  Motif
XX
ID  HepG2.SRSF7.5
XX
NA  HepG2.SRSF7.5
XX
DE  N=267, Consensus=NNGAGCGTCNN, Score=131.9891031521
P0  A  C  G  T
01  64  68  95  40  N
02  99  36  52  80  N
03  9  18  240  0  G
04  222  12  14  19  A
05  23  19  210  15  G
06  2  251  3  11  C
07  34  14  188  31  G
08  2  4  5  256  T
09  0  262  5  0  C
10  33  58  92  84  N
11  38  49  119  61  N
XX
IC  0.055 0.091 1.426 1.075 0.910 1.593 0.673 1.683 1.858 0.086 0.136
XX
XL
00  12
01  15
02  1
03  0
04  1
05  3
06  4
07  199
08  2
09  9
10  21
XX
//
