AC  HepG2.GRSF1.0
XX
TY  Motif
XX
ID  HepG2.GRSF1.0
XX
NA  HepG2.GRSF1.0
XX
DE  N=175, Consensus=NNGGGATGTNN, Score=96.0422630010029
P0  A  C  G  T
01  33  38  61  43  N
02  40  19  65  51  N
03  0  0  173  2  G
04  2  0  173  0  G
05  3  0  172  0  G
06  130  14  22  9  A
07  9  10  26  130  T
08  3  5  161  6  G
09  10  12  35  118  T
10  23  27  105  20  N
11  20  36  85  34  N
XX
IC  0.028 0.104 1.898 1.898 1.863 0.781 0.804 1.463 0.639 0.387 0.195
XX
XL
00  9
01  30
02  29
03  32
04  16
05  2
06  18
07  7
08  12
09  12
10  8
XX
//
