AC  HepG2.LIN28B.6
XX
TY  Motif
XX
ID  HepG2.LIN28B.6
XX
NA  HepG2.LIN28B.6
XX
DE  N=574, Consensus=NNGAGTGATNN, Score=186.526206361956
P0  A  C  G  T
01  144  141  173  116  N
02  193  63  143  175  N
03  57  77  417  23  G
04  477  13  23  61  A
05  91  5  447  31  G
06  53  6  19  496  T
07  5  0  549  20  G
08  547  6  14  7  A
09  4  7  9  554  T
10  182  58  175  159  N
11  137  147  131  159  N
XX
IC  0.011 0.096 0.756 1.121 1.007 1.265 1.706 1.653 1.725 0.101 0.000
XX
XL
00  24
01  26
02  11
03  4
04  27
05  10
06  14
07  4
08  415
09  15
10  24
XX
//
