AC  HepG2.U2AF1.4
XX
TY  Motif
XX
ID  HepG2.U2AF1.4
XX
NA  HepG2.U2AF1.4
XX
DE  N=248, Consensus=NNCCACAGGNN, Score=110.744051121305
P0  A  C  G  T
01  43  69  40  96  N
02  35  74  30  109  N
03  11  196  16  25  C
04  7  222  2  17  C
05  206  18  5  19  A
06  7  212  8  21  C
07  234  6  0  8  A
08  7  1  235  5  G
09  12  10  203  23  G
10  40  50  99  59  N
11  91  59  48  50  N
XX
IC  0.085 0.182 0.935 1.382 1.097 1.191 1.622 1.627 1.038 0.079 0.043
XX
XL
00  45
01  33
02  7
03  2
04  3
05  2
06  33
07  3
08  85
09  12
10  23
XX
//
