AC  HepG2.NKRF.8
XX
TY  Motif
XX
ID  HepG2.NKRF.8
XX
NA  HepG2.NKRF.8
XX
DE  N=2549, Consensus=NNGGCGGGGNN, Score=403.980232965331
P0  A  C  G  T
01  323  385  1497  344  N
02  243  253  1810  243  N
03  31  52  2435  31  G
04  24  48  2439  38  G
05  396  1443  232  478  C
06  121  79  2232  117  G
07  23  52  2444  30  G
08  46  135  2317  51  G
09  80  101  2311  57  G
10  461  552  1229  307  N
11  359  688  1089  413  N
XX
IC  0.369 0.671 1.667 1.677 0.350 1.263 1.690 1.432 1.407 0.200 0.141
XX
XL
00  272
01  95
02  136
03  44
04  49
05  103
06  280
07  1068
08  198
09  134
10  170
XX
//
