AC  HepG2.SRSF9.2
XX
TY  Motif
XX
ID  HepG2.SRSF9.2
XX
NA  HepG2.SRSF9.2
XX
DE  N=703, Consensus=NNTGGATCTNN,NNTGGACCTNN, Score=188.913916231305
P0  A  C  G  T
01  123  209  167  204  N
02  86  367  109  141  N
03  45  15  26  617  T
04  0  0  695  8  G
05  15  11  671  6  G
06  660  23  10  10  A
07  53  333  75  242  T
08  28  586  38  51  C
09  52  100  53  498  T
10  72  157  375  99  N
11  111  163  325  104  N
XX
IC  0.026 0.255 1.283 1.907 1.662 1.575 0.331 1.091 0.685 0.295 0.165
XX
XL
00  63
01  77
02  269
03  5
04  3
05  4
06  13
07  38
08  183
09  22
10  26
XX
//
