AC  HepG2.HNRNPU.8
XX
TY  Motif
XX
ID  HepG2.HNRNPU.8
XX
NA  HepG2.HNRNPU.8
XX
DE  N=471, Consensus=NNCAGAGGGNN, Score=162.552475761186
P0  A  C  G  T
01  107  71  166  127  N
02  128  70  164  109  N
03  56  284  86  45  C
04  428  4  9  30  A
05  19  40  383  29  G
06  434  0  14  23  A
07  21  0  447  3  G
08  23  0  439  9  G
09  14  13  435  9  G
10  250  52  111  58  N
11  80  57  284  50  N
XX
IC  0.058 0.057 0.418 1.449 1.016 1.523 1.677 1.579 1.487 0.296 0.409
XX
XL
00  47
01  61
02  89
03  2
04  21
05  11
06  7
07  181
08  19
09  17
10  16
XX
//
