AC  HepG2.SRSF7.2
XX
TY  Motif
XX
ID  HepG2.SRSF7.2
XX
NA  HepG2.SRSF7.2
XX
DE  N=370, Consensus=NNGTCTTCGNN, Score=159.44017160378
P0  A  C  G  T
01  100  92  93  85  N
02  85  97  98  90  N
03  33  27  268  42  G
04  40  20  30  280  T
05  0  368  2  0  C
06  21  6  23  320  T
07  2  3  13  352  T
08  0  359  4  7  C
09  26  15  309  20  G
10  104  45  131  90  N
11  73  94  168  35  N
XX
IC  0.000 0.000 0.714 0.821 1.946 1.233 1.659 1.773 1.093 0.083 0.191
XX
XL
00  5
01  2
02  0
03  26
04  0
05  9
06  304
07  2
08  1
09  20
10  1
XX
//
