AC  HepG2.FUBP3.1
XX
TY  Motif
XX
ID  HepG2.FUBP3.1
XX
NA  HepG2.FUBP3.1
XX
DE  N=969, Consensus=NNTTGATGTNN,NNTTGTTGTNN, Score=244.083228652311
P0  A  C  G  T
01  158  92  87  632  N
02  166  66  118  619  N
03  0  0  6  963  T
04  0  0  0  969  T
05  95  22  554  298  G
06  204  18  2  745  A
07  19  0  13  937  T
08  61  34  584  290  G
09  16  10  17  926  T
10  236  65  215  453  N
11  210  132  206  421  N
XX
IC  0.534 0.515 1.943 1.998 0.561 1.108 1.756 0.616 1.667 0.245 0.130
XX
XL
00  21
01  183
02  32
03  30
04  131
05  122
06  97
07  98
08  93
09  93
10  69
XX
//
