AC  HepG2.PRPF8.5
XX
TY  Motif
XX
ID  HepG2.PRPF8.5
XX
NA  HepG2.PRPF8.5
XX
DE  N=3361, Consensus=NNGGTATGTNN, Score=541.10176976078
P0  A  C  G  T
01  1021  1239  670  431  N
02  1946  266  573  576  N
03  37  0  3299  25  G
04  0  0  3361  0  G
05  7  20  6  3328  T
06  2981  98  225  57  A
07  998  270  705  1388  T
08  7  48  3270  36  G
09  107  146  294  2814  T
10  507  651  1770  433  N
11  481  1015  1158  707  N
XX
IC  0.103 0.382 1.849 1.999 1.906 1.336 0.187 1.785 1.122 0.261 0.074
XX
XL
00  12
01  30
02  2793
03  358
04  41
05  15
06  28
07  8
08  31
09  21
10  24
XX
//
