AC  HepG2.SFPQ.4
XX
TY  Motif
XX
ID  HepG2.SFPQ.4
XX
NA  HepG2.SFPQ.4
XX
DE  N=361, Consensus=NNTGTACCGNN, Score=179.69493317578
P0  A  C  G  T
01  83  85  61  132  N
02  78  127  61  95  N
03  31  8  9  313  T
04  19  5  324  13  G
05  2  0  0  359  T
06  186  4  91  80  A
07  0  359  0  2  C
08  7  337  0  17  C
09  6  3  344  8  G
10  57  88  48  168  N
11  46  171  64  80  N
XX
IC  0.051 0.046 1.257 1.372 1.945 0.446 1.945 1.583 1.650 0.177 0.180
XX
XL
00  1
01  0
02  7
03  0
04  336
05  2
06  0
07  2
08  1
09  7
10  5
XX
//
