AC  HepG2.FUBP3.2
XX
TY  Motif
XX
ID  HepG2.FUBP3.2
XX
NA  HepG2.FUBP3.2
XX
DE  N=654, Consensus=NNTGTATTGNN,NNTATATTGNN, Score=190.460262151522
P0  A  C  G  T
01  158  33  45  418  N
02  139  38  75  402  N
03  16  3  0  635  T
04  297  4  285  68  G
05  24  13  3  614  T
06  435  12  12  195  A
07  29  10  6  609  T
08  12  0  10  632  T
09  41  8  451  154  G
10  128  91  91  344  N
11  173  75  149  257  N
XX
IC  0.606 0.493 1.789 0.573 1.588 0.873 1.547 1.751 0.807 0.257 0.115
XX
XL
00  101
01  72
02  23
03  3
04  27
05  141
06  83
07  70
08  45
09  35
10  54
XX
//
