AC  HepG2.LSM11.5
XX
TY  Motif
XX
ID  HepG2.LSM11.5
XX
NA  HepG2.LSM11.5
XX
DE  N=124, Consensus=NNTATGCGTNN, Score=82.9853757213181
P0  A  C  G  T
01  25  25  27  47  N
02  18  30  48  28  N
03  2  2  4  116  T
04  78  8  25  13  A
05  0  0  0  124  T
06  0  3  121  0  G
07  4  107  6  7  C
08  7  13  83  21  G
09  2  3  1  118  T
10  16  21  58  29  N
11  21  28  35  40  N
XX
IC  0.042 0.068 1.541 0.500 1.983 1.818 1.194 0.586 1.632 0.165 0.022
XX
XL
00  4
01  0
02  36
03  2
04  27
05  0
06  1
07  2
08  35
09  9
10  8
XX
//
