AC  HepG2.LIN28B.1
XX
TY  Motif
XX
ID  HepG2.LIN28B.1
XX
NA  HepG2.LIN28B.1
XX
DE  N=628, Consensus=NNTGATGGANN, Score=182.066875647351
P0  A  C  G  T
01  158  78  183  209  N
02  265  50  205  108  N
03  50  0  30  548  T
04  22  13  566  27  G
05  570  16  23  19  A
06  53  0  9  566  T
07  27  12  547  42  G
08  66  35  508  19  G
09  521  31  40  36  A
10  118  117  293  100  N
11  188  153  178  109  N
XX
IC  0.075 0.217 1.325 1.381 1.407 1.473 1.258 1.023 1.069 0.156 0.025
XX
XL
00  78
01  44
02  66
03  20
04  11
05  319
06  21
07  10
08  3
09  40
10  16
XX
//
