AC  HepG2.BUD13.6
XX
TY  Motif
XX
ID  HepG2.BUD13.6
XX
NA  HepG2.BUD13.6
XX
DE  N=258, Consensus=NNATGGACCNN, Score=117.491023987198
P0  A  C  G  T
01  73  44  62  79  N
02  42  86  75  55  N
03  180  29  22  27  A
04  10  0  7  241  T
05  2  9  234  13  G
06  13  1  240  4  G
07  220  13  19  6  A
08  14  224  17  3  C
09  13  224  7  14  C
10  69  75  58  56  N
11  34  84  87  53  N
XX
IC  0.024 0.043 0.631 1.577 1.423 1.553 1.175 1.253 1.228 0.002 0.081
XX
XL
00  18
01  10
02  10
03  167
04  14
05  6
06  2
07  0
08  5
09  12
10  14
XX
//
