AC  HepG2.SRSF1.0
XX
TY  Motif
XX
ID  HepG2.SRSF1.0
XX
NA  HepG2.SRSF1.0
XX
DE  N=699, Consensus=NNCTGGACANN, Score=216.929203305636
P0  A  C  G  T
01  222  161  128  188  N
02  131  207  162  199  N
03  29  619  23  28  C
04  12  0  7  680  T
05  0  0  695  4  G
06  4  0  686  9  G
07  644  19  25  11  A
08  33  565  87  14  C
09  374  187  68  70  A
10  160  145  222  172  N
11  75  188  353  83  N
XX
IC  0.025 0.019 1.303 1.791 1.946 1.847 1.480 1.054 0.346 0.016 0.279
XX
XL
00  25
01  17
02  54
03  488
04  4
05  19
06  0
07  9
08  22
09  24
10  37
XX
//
