AC  HepG2.GRWD1.1
XX
TY  Motif
XX
ID  HepG2.GRWD1.1
XX
NA  HepG2.GRWD1.1
XX
DE  N=906, Consensus=NNATGGACCNN, Score=214.792011089444
P0  A  C  G  T
01  266  195  147  298  N
02  149  357  198  202  N
03  604  153  56  93  A
04  21  5  26  854  T
05  14  65  774  53  G
06  25  16  856  9  G
07  850  18  25  13  A
08  34  789  58  25  C
09  70  736  27  73  C
10  228  189  150  339  N
11  106  266  358  176  N
XX
IC  0.048 0.078 0.589 1.603 1.198 1.608 1.568 1.249 1.025 0.065 0.128
XX
XL
00  86
01  47
02  27
03  469
04  48
05  8
06  1
07  3
08  31
09  98
10  88
XX
//
