AC  HepG2.FAM120A.1
XX
TY  Motif
XX
ID  HepG2.FAM120A.1
XX
NA  HepG2.FAM120A.1
XX
DE  N=3988, Consensus=NNGGCGGGGNN, Score=516.818053142662
P0  A  C  G  T
01  467  406  2608  507  N
02  358  228  2998  404  N
03  68  54  3797  69  G
04  42  64  3831  51  G
05  716  1992  400  880  C
06  197  90  3512  189  G
07  23  58  3861  46  G
08  101  71  3742  74  G
09  152  133  3629  74  G
10  819  714  1982  473  N
11  689  823  1860  616  N
XX
IC  0.523 0.807 1.647 1.699 0.241 1.292 1.748 1.569 1.426 0.220 0.163
XX
XL
00  582
01  96
02  424
03  131
04  22
05  272
06  834
07  990
08  250
09  182
10  205
XX
//
