AC  HepG2.TAF15.5
XX
TY  Motif
XX
ID  HepG2.TAF15.5
XX
NA  HepG2.TAF15.5
XX
DE  N=236, Consensus=NNGGTTGAANN, Score=106.395511836703
P0  A  C  G  T
01  44  22  85  85  N
02  66  6  86  78  N
03  10  0  216  10  G
04  9  8  187  32  G
05  14  6  14  202  T
06  5  2  14  215  T
07  6  0  203  27  G
08  196  11  19  10  A
09  207  2  22  5  A
10  47  23  99  67  N
11  47  35  100  54  N
XX
IC  0.159 0.283 1.487 0.989 1.181 1.450 1.311 1.076 1.330 0.158 0.107
XX
XL
00  17
01  9
02  12
03  31
04  29
05  46
06  10
07  5
08  2
09  37
10  38
XX
//
