AC  HepG2.CSTF2T.6
XX
TY  Motif
XX
ID  HepG2.CSTF2T.6
XX
NA  HepG2.CSTF2T.6
XX
DE  N=3913, Consensus=NNAGGGGAGNN, Score=491.580332503988
P0  A  C  G  T
01  633  650  1975  655  N
02  721  728  1850  614  N
03  2320  236  707  650  A
04  465  19  3308  121  G
05  99  20  3750  44  G
06  99  23  3739  52  G
07  170  141  3572  30  G
08  3410  119  126  258  A
09  95  64  3713  41  G
10  567  471  2653  222  N
11  806  681  2049  377  N
XX
IC  0.215 0.168 0.432 1.237 1.695 1.676 1.456 1.255 1.631 0.613 0.277
XX
XL
00  497
01  100
02  106
03  907
04  315
05  1096
06  72
07  34
08  40
09  584
10  162
XX
//
