AC  HepG2.TAF15.7
XX
TY  Motif
XX
ID  HepG2.TAF15.7
XX
NA  HepG2.TAF15.7
XX
DE  N=621, Consensus=NNTGGTAGGNN, Score=188.414303648869
P0  A  C  G  T
01  132  74  229  186  N
02  109  90  240  182  N
03  56  4  37  524  T
04  22  0  561  38  G
05  30  28  520  43  G
06  40  44  129  408  T
07  554  0  50  17  A
08  25  0  592  4  G
09  9  4  608  0  G
10  145  74  325  77  N
11  336  78  125  82  N
XX
IC  0.104 0.103 1.187 1.447 1.103 0.602 1.415 1.697 1.831 0.278 0.290
XX
XL
00  52
01  32
02  68
03  12
04  54
05  45
06  9
07  8
08  279
09  51
10  11
XX
//
