AC  HepG2.LIN28B.2
XX
TY  Motif
XX
ID  HepG2.LIN28B.2
XX
NA  HepG2.LIN28B.2
XX
DE  N=831, Consensus=NNGTATGATNN, Score=229.578836303723
P0  A  C  G  T
01  248  180  224  179  N
02  272  99  169  291  N
03  102  97  539  93  G
04  91  44  46  650  T
05  738  5  61  27  A
06  18  4  20  789  T
07  14  13  744  60  G
08  797  6  11  17  A
09  18  8  10  795  T
10  270  73  249  239  N
11  227  192  173  239  N
XX
IC  0.012 0.107 0.506 0.915 1.364 1.640 1.388 1.691 1.675 0.124 0.009
XX
XL
00  5
01  10
02  6
03  72
04  7
05  38
06  6
07  14
08  636
09  15
10  22
XX
//
