AC  HepG2.PPIG.0
XX
TY  Motif
XX
ID  HepG2.PPIG.0
XX
NA  HepG2.PPIG.0
XX
DE  N=1164, Consensus=NNCAGGTGANN,NNCAGGTAANN, Score=221.872108419422
P0  A  C  G  T
01  279  284  212  389  N
02  232  339  364  229  N
03  117  920  96  31  C
04  1044  21  33  66  A
05  30  13  1107  14  G
06  100  44  986  34  G
07  65  12  33  1054  T
08  330  34  793  7  G
09  890  102  93  79  A
10  204  169  547  244  N
11  179  316  377  292  N
XX
IC  0.032 0.030 0.961 1.372 1.644 1.164 1.422 0.912 0.840 0.169 0.045
XX
XL
00  62
01  56
02  57
03  55
04  444
05  11
06  247
07  7
08  21
09  89
10  115
XX
//
