AC  HepG2.HNRNPU.1
XX
TY  Motif
XX
ID  HepG2.HNRNPU.1
XX
NA  HepG2.HNRNPU.1
XX
DE  N=839, Consensus=NNTGAGAGGNN, Score=209.761746916151
P0  A  C  G  T
01  203  73  222  341  N
02  175  86  292  286  N
03  112  0  126  601  T
04  72  13  705  49  G
05  679  0  125  35  A
06  27  43  736  33  G
07  807  0  18  14  A
08  33  20  755  31  G
09  25  7  797  10  G
10  238  158  353  90  N
11  326  145  242  126  N
XX
IC  0.160 0.130 0.854 1.150 1.150 1.269 1.726 1.373 1.642 0.157 0.102
XX
XL
00  184
01  98
02  235
03  49
04  37
05  14
06  5
07  5
08  158
09  31
10  23
XX
//
