AC  HepG2.GRWD1.2
XX
TY  Motif
XX
ID  HepG2.GRWD1.2
XX
NA  HepG2.GRWD1.2
XX
DE  N=2140, Consensus=NNTGGACCANN,NNTGGACAANN, Score=313.110021448575
P0  A  C  G  T
01  382  624  404  730  N
02  358  749  336  697  N
03  50  18  45  2027  T
04  22  71  1875  172  G
05  96  55  1935  54  G
06  1853  114  118  55  A
07  160  1654  264  62  C
08  1132  929  52  27  C
09  1614  126  163  237  A
10  314  511  933  382  N
11  399  683  654  404  N
XX
IC  0.053 0.091 1.623 1.309 1.397 1.227 0.912 0.780 0.817 0.133 0.045
XX
XL
00  204
01  148
02  1282
03  95
04  19
05  3
06  8
07  23
08  86
09  167
10  105
XX
//
