AC  HepG2.XRN2.0
XX
TY  Motif
XX
ID  HepG2.XRN2.0
XX
NA  HepG2.XRN2.0
XX
DE  N=1216, Consensus=NNCCCGGGGNN,NNCCCTGGGNN, Score=207.320058360484
P0  A  C  G  T
01  201  267  424  324  N
02  182  340  431  263  N
03  39  1007  120  50  C
04  29  1069  74  44  C
05  53  1003  64  96  C
06  55  49  598  514  G
07  33  56  1087  40  G
08  36  53  1087  40  G
09  47  100  1046  23  G
10  199  433  436  148  N
11  184  397  448  187  N
XX
IC  0.050 0.066 1.095 1.287 1.059 0.581 1.346 1.344 1.225 0.140 0.113
XX
XL
00  182
01  174
02  163
03  162
04  156
05  130
06  51
07  27
08  25
09  38
10  108
XX
//
