AC  HepG2.SUGP2.8
XX
TY  Motif
XX
ID  HepG2.SUGP2.8
XX
NA  HepG2.SUGP2.8
XX
DE  N=284, Consensus=NNGTCTCAGNN, Score=125.596804634834
P0  A  C  G  T
01  30  45  63  146  N
02  40  17  70  157  N
03  10  5  182  87  G
04  5  8  9  262  T
05  11  228  13  32  C
06  7  7  2  268  T
07  1  259  14  10  C
08  266  0  4  14  A
09  3  9  256  16  G
10  57  50  80  97  N
11  44  62  90  88  N
XX
IC  0.253 0.380 0.786 1.480 0.998 1.600 1.458 1.603 1.396 0.042 0.047
XX
XL
00  77
01  31
02  67
03  5
04  20
05  12
06  3
07  5
08  2
09  34
10  28
XX
//
