AC  HepG2.GRWD1.6
XX
TY  Motif
XX
ID  HepG2.GRWD1.6
XX
NA  HepG2.GRWD1.6
XX
DE  N=1922, Consensus=NNGGACATCNN, Score=332.542500562704
P0  A  C  G  T
01  476  507  586  353  N
02  687  250  335  650  N
03  143  65  1554  160  G
04  156  94  1614  58  G
05  1645  109  74  94  A
06  32  1816  62  12  C
07  1506  63  92  261  A
08  32  42  62  1786  T
09  6  1816  46  54  C
10  471  445  425  581  N
11  494  364  448  616  N
XX
IC  0.022 0.117 1.008 1.128 1.178 1.618 0.960 1.522 1.622 0.010 0.025
XX
XL
00  91
01  191
02  13
03  6
04  4
05  2
06  16
07  1272
08  34
09  77
10  216
XX
//
