AC  HepG2.SND1.7
XX
TY  Motif
XX
ID  HepG2.SND1.7
XX
NA  HepG2.SND1.7
XX
DE  N=88, Consensus=NNAGGCGCTNN, Score=62.6922317065725
P0  A  C  G  T
01  21  29  22  16  N
02  14  37  26  11  N
03  75  4  2  7  A
04  3  3  79  3  G
05  0  4  83  1  G
06  10  65  6  7  C
07  7  6  66  9  G
08  0  83  2  3  C
09  1  6  4  77  T
10  13  15  36  24  N
11  13  29  22  24  N
XX
IC  0.007 0.133 1.162 1.337 1.620 0.741 0.773 1.606 1.267 0.094 0.029
XX
XL
00  11
01  9
02  4
03  3
04  0
05  1
06  1
07  10
08  27
09  11
10  11
XX
//
