AC  HepG2.XPO5.4
XX
TY  Motif
XX
ID  HepG2.XPO5.4
XX
NA  HepG2.XPO5.4
XX
DE  N=427, Consensus=NNGCCCTGTNN, Score=149.471836336654
P0  A  C  G  T
01  80  117  122  108  N
02  76  47  169  135  N
03  13  12  384  18  G
04  11  374  26  16  C
05  9  386  5  27  C
06  13  389  11  14  C
07  13  8  14  392  T
08  0  16  401  10  G
09  25  44  76  282  T
10  24  110  208  85  N
11  58  130  128  111  N
XX
IC  0.012 0.147 1.366 1.268 1.419 1.421 1.459 1.605 0.579 0.288 0.055
XX
XL
00  31
01  61
02  2
03  7
04  9
05  14
06  145
07  8
08  98
09  31
10  21
XX
//
