AC  HepG2.SUGP2.3
XX
TY  Motif
XX
ID  HepG2.SUGP2.3
XX
NA  HepG2.SUGP2.3
XX
DE  N=1643, Consensus=NNTGTCTTCNN, Score=312.993743093704
P0  A  C  G  T
01  244  266  125  1008  N
02  175  262  178  1028  N
03  5  0  5  1633  T
04  46  72  1006  519  G
05  28  23  18  1574  T
06  42  1256  24  321  C
07  18  14  4  1607  T
08  7  29  27  1580  T
09  29  1253  83  278  C
10  355  341  130  817  N
11  326  292  333  692  N
XX
IC  0.450 0.462 1.939 0.698 1.682 1.018 1.816 1.711 0.946 0.259 0.101
XX
XL
00  150
01  171
02  97
03  149
04  164
05  155
06  187
07  216
08  91
09  107
10  156
XX
//
