AC  HepG2.SND1.9
XX
TY  Motif
XX
ID  HepG2.SND1.9
XX
NA  HepG2.SND1.9
XX
DE  N=114, Consensus=NNTACCGTGNN, Score=74.2787484263726
P0  A  C  G  T
01  34  20  19  41  N
02  13  26  27  48  N
03  0  11  2  101  T
04  91  8  7  8  A
05  0  109  3  2  C
06  12  89  2  11  C
07  9  16  87  2  G
08  6  5  4  99  T
09  0  2  112  0  G
10  25  30  43  16  N
11  26  36  28  24  N
XX
IC  0.059 0.120 1.398 0.936 1.679 0.932 0.894 1.213 1.854 0.066 0.000
XX
XL
00  16
01  13
02  43
03  1
04  1
05  8
06  6
07  10
08  1
09  7
10  8
XX
//
