AC  HepG2.NCBP2.0
XX
TY  Motif
XX
ID  HepG2.NCBP2.0
XX
NA  HepG2.NCBP2.0
XX
DE  N=155, Consensus=NNATGGCGGNN, Score=86.5815645516108
P0  A  C  G  T
01  31  39  42  43  N
02  20  49  54  32  N
03  110  8  23  14  A
04  2  2  21  130  T
05  2  2  148  3  G
06  0  2  150  3  G
07  10  131  9  5  C
08  8  12  128  7  G
09  5  2  144  4  G
10  37  46  51  21  N
11  20  36  74  25  N
XX
IC  0.000 0.080 0.692 1.221 1.650 1.749 1.128 1.050 1.510 0.054 0.182
XX
XL
00  10
01  6
02  19
03  57
04  4
05  7
06  13
07  4
08  5
09  22
10  8
XX
//
