AC  HepG2.LSM11.2
XX
TY  Motif
XX
ID  HepG2.LSM11.2
XX
NA  HepG2.LSM11.2
XX
DE  N=103, Consensus=NNGCTGTAANN, Score=68.0260721192173
P0  A  C  G  T
01  20  25  24  34  N
02  26  5  28  44  N
03  5  3  86  9  G
04  2  94  2  5  C
05  2  1  0  100  T
06  0  5  86  12  G
07  4  1  8  90  T
08  77  10  12  4  A
09  86  2  10  5  A
10  30  22  25  26  N
11  23  24  27  29  N
XX
IC  0.007 0.231 1.094 1.426 1.762 1.188 1.276 0.795 1.113 0.000 0.000
XX
XL
00  3
01  8
02  4
03  0
04  24
05  4
06  24
07  2
08  5
09  11
10  18
XX
//
