AC  HepG2.SRSF7.7
XX
TY  Motif
XX
ID  HepG2.SRSF7.7
XX
NA  HepG2.SRSF7.7
XX
DE  N=200, Consensus=NNTGAGGATNN, Score=107.800178589439
P0  A  C  G  T
01  34  37  30  99  N
02  42  49  73  36  N
03  4  0  2  194  T
04  0  10  190  0  G
05  155  3  6  36  A
06  0  0  193  7  G
07  18  24  153  5  G
08  183  8  7  2  A
09  14  16  29  141  T
10  16  50  113  21  N
11  47  42  45  66  N
XX
IC  0.192 0.043 1.767 1.703 1.016 1.770 0.881 1.450 0.670 0.391 0.013
XX
XL
00  36
01  13
02  53
03  7
04  0
05  2
06  2
07  2
08  67
09  3
10  15
XX
//
