AC  HepG2.DDX55.0
XX
TY  Motif
XX
ID  HepG2.DDX55.0
XX
NA  HepG2.DDX55.0
XX
DE  N=90, Consensus=NNTGCTGTANN, Score=67.3596563729922
P0  A  C  G  T
01  22  5  17  46  N
02  23  19  11  37  N
03  2  0  0  88  T
04  6  3  75  6  G
05  2  83  1  4  C
06  6  1  0  83  T
07  2  0  80  8  G
08  4  4  5  77  T
09  61  2  11  16  A
10  17  12  29  32  N
11  20  18  30  22  N
XX
IC  0.298 0.101 1.822 1.072 1.474 1.536 1.392 1.152 0.660 0.077 0.004
XX
XL
00  24
01  3
02  16
03  2
04  6
05  8
06  2
07  6
08  8
09  11
10  4
XX
//
