AC  HepG2.SUGP2.1
XX
TY  Motif
XX
ID  HepG2.SUGP2.1
XX
NA  HepG2.SUGP2.1
XX
DE  N=1374, Consensus=NNGTCTTCTNN, Score=296.279955439869
P0  A  C  G  T
01  223  249  161  741  N
02  232  98  154  890  N
03  54  72  819  429  G
04  18  10  12  1334  T
05  36  984  24  330  C
06  13  9  0  1352  T
07  5  7  6  1356  T
08  19  1081  17  257  C
09  16  9  0  1349  T
10  213  174  242  745  N
11  239  246  207  682  N
XX
IC  0.283 0.534 0.623 1.764 0.920 1.864 1.877 1.110 1.850 0.284 0.202
XX
XL
00  52
01  47
02  67
03  95
04  48
05  175
06  226
07  115
08  163
09  221
10  165
XX
//
