AC  HepG2.FAM120A.3
XX
TY  Motif
XX
ID  HepG2.FAM120A.3
XX
NA  HepG2.FAM120A.3
XX
DE  N=6152, Consensus=NNGGGGAGGNN, Score=613.202762401556
P0  A  C  G  T
01  831  802  3313  1206  N
02  784  765  3279  1324  N
03  750  125  4906  371  G
04  264  63  5668  157  G
05  201  20  5797  134  G
06  184  208  5694  66  G
07  4193  561  400  998  A
08  155  60  5841  96  G
09  126  105  5864  57  G
10  1084  850  3634  584  N
11  1335  996  3170  651  N
XX
IC  0.285 0.286 1.011 1.493 1.610 1.510 0.626 1.636 1.656 0.393 0.260
XX
XL
00  133
01  364
02  1444
03  374
04  1046
05  338
06  47
07  203
08  1272
09  800
10  131
XX
//
