AC  HepG2.HNRNPK.6
XX
TY  Motif
XX
ID  HepG2.HNRNPK.6
XX
NA  HepG2.HNRNPK.6
XX
DE  N=1742, Consensus=NNTCCCATCNN,NNCCCCATCNN, Score=327.3288858677
P0  A  C  G  T
01  200  610  196  736  N
02  171  377  272  922  N
03  5  821  8  908  T
04  4  1681  6  51  C
05  15  1703  0  24  C
06  10  1702  4  26  C
07  913  291  109  429  A
08  38  255  182  1267  T
09  6  1585  46  105  C
10  171  1148  46  377  N
11  164  1120  129  329  N
XX
IC  0.230 0.288 0.937 1.752 1.823 1.813 0.331 0.798 1.464 0.657 0.536
XX
XL
00  432
01  428
02  63
03  5
04  7
05  60
06  348
07  151
08  68
09  84
10  96
XX
//
