AC  HepG2.GTF2F1.5
XX
TY  Motif
XX
ID  HepG2.GTF2F1.5
XX
NA  HepG2.GTF2F1.5
XX
DE  N=953, Consensus=NNGGGGTTGNN, Score=273.294350365579
P0  A  C  G  T
01  106  99  534  214  N
02  126  91  467  269  N
03  16  0  914  23  G
04  14  0  931  8  G
05  3  0  942  8  G
06  8  4  935  6  G
07  34  67  265  587  T
08  24  20  397  512  T
09  2  0  951  0  G
10  91  95  693  74  N
11  131  127  576  119  N
XX
IC  0.354 0.269 1.711 1.817 1.897 1.834 0.613 0.739 1.976 0.722 0.403
XX
XL
00  13
01  12
02  146
03  93
04  120
05  46
06  28
07  33
08  107
09  227
10  128
XX
//
