AC  HepG2.FAM120A.4
XX
TY  Motif
XX
ID  HepG2.FAM120A.4
XX
NA  HepG2.FAM120A.4
XX
DE  N=7462, Consensus=NNGGGGGAGNN,NNGAGGGAGNN, Score=619.587919970379
P0  A  C  G  T
01  1050  917  4229  1266  N
02  1016  693  4309  1444  N
03  358  547  5932  625  G
04  2600  125  4413  324  G
05  466  101  6606  289  G
06  285  42  7010  125  G
07  265  247  6876  74  G
08  5428  479  696  859  A
09  206  95  7057  104  G
10  1039  880  4961  582  N
11  1385  1136  4164  777  N
XX
IC  0.331 0.374 0.950 0.726 1.329 1.594 1.491 0.733 1.615 0.561 0.326
XX
XL
00  338
01  374
02  670
03  1245
04  331
05  1663
06  734
07  140
08  194
09  994
10  779
XX
//
