AC  HepG2.PCBP2.5
XX
TY  Motif
XX
ID  HepG2.PCBP2.5
XX
NA  HepG2.PCBP2.5
XX
DE  N=3081, Consensus=NNCATCCCTNN,NNCTTCCCTNN, Score=453.596626397976
P0  A  C  G  T
01  200  1454  154  1273  N
02  149  1789  143  1000  N
03  33  2640  33  375  C
04  302  396  15  2368  A
05  58  294  67  2662  T
06  7  2789  18  267  C
07  14  2935  0  132  C
08  45  2690  0  346  C
09  134  354  25  2568  T
10  206  1230  368  1277  N
11  206  1720  168  987  N
XX
IC  0.489 0.600 1.298 0.961 1.266 1.500 1.703 1.385 1.169 0.317 0.514
XX
XL
00  265
01  100
02  153
03  1056
04  241
05  30
06  20
07  135
08  477
09  337
10  267
XX
//
