AC  HepG2.SRSF7.1
XX
TY  Motif
XX
ID  HepG2.SRSF7.1
XX
NA  HepG2.SRSF7.1
XX
DE  N=601, Consensus=NNCGTCTGANN,NNCGTCGGANN, Score=199.419537244118
P0  A  C  G  T
01  128  151  157  165  N
02  149  135  154  163  N
03  6  576  0  19  C
04  62  25  397  117  G
05  0  0  3  598  T
06  0  550  44  7  C
07  23  27  284  267  T
08  8  9  576  8  G
09  469  31  70  31  A
10  120  127  271  83  N
11  152  185  169  95  N
XX
IC  0.003 0.000 1.714 0.613 1.951 1.528 0.584 1.681 0.915 0.146 0.036
XX
XL
00  15
01  25
02  1
03  1
04  516
05  1
06  15
07  1
08  0
09  5
10  21
XX
//
