AC  HepG2.SRSF1.4
XX
TY  Motif
XX
ID  HepG2.SRSF1.4
XX
NA  HepG2.SRSF1.4
XX
DE  N=515, Consensus=NNCATGGACNN, Score=167.972510042222
P0  A  C  G  T
01  152  111  155  97  N
02  151  131  105  128  N
03  12  443  42  18  C
04  314  119  34  48  A
05  32  4  16  463  T
06  0  12  491  12  G
07  4  0  508  3  G
08  492  13  6  4  A
09  11  428  61  15  C
10  106  199  110  100  N
11  105  139  143  128  N
XX
IC  0.024 0.008 1.219 0.494 1.399 1.677 1.879 1.670 1.142 0.062 0.006
XX
XL
00  21
01  14
02  18
03  69
04  259
05  4
06  37
07  0
08  9
09  43
10  41
XX
//
