AC  HepG2.IGF2BP1.3
XX
TY  Motif
XX
ID  HepG2.IGF2BP1.3
XX
NA  HepG2.IGF2BP1.3
XX
DE  N=203, Consensus=NNACCACACNN, Score=94.2748632719008
P0  A  C  G  T
01  47  66  26  64  N
02  56  53  26  68  N
03  165  11  9  18  A
04  6  188  5  4  C
05  7  180  0  16  C
06  160  17  5  21  A
07  8  181  6  8  C
08  179  15  5  4  A
09  8  176  9  10  C
10  41  84  17  61  N
11  40  56  56  51  N
XX
IC  0.069 0.063 1.009 1.493 1.379 0.949 1.324 1.308 1.214 0.176 0.002
XX
XL
00  25
01  45
02  4
03  6
04  36
05  7
06  8
07  1
08  18
09  21
10  32
XX
//
