AC  HepG2.LSM11.6
XX
TY  Motif
XX
ID  HepG2.LSM11.6
XX
NA  HepG2.LSM11.6
XX
DE  N=222, Consensus=NNGGACATTNN, Score=103.614863160392
P0  A  C  G  T
01  46  43  70  63  N
02  67  24  50  81  N
03  14  2  191  15  G
04  13  5  198  6  G
05  185  11  14  12  A
06  11  186  18  7  C
07  178  13  5  26  A
08  3  8  7  204  T
09  3  14  8  197  T
10  19  29  83  91  N
11  35  44  53  90  N
XX
IC  0.020 0.107 1.228 1.339 1.077 1.110 1.009 1.464 1.329 0.245 0.086
XX
XL
00  12
01  23
02  4
03  1
04  0
05  1
06  5
07  28
08  88
09  32
10  28
XX
//
