AC  HepG2.SRSF1.3
XX
TY  Motif
XX
ID  HepG2.SRSF1.3
XX
NA  HepG2.SRSF1.3
XX
DE  N=944, Consensus=NNTGGACCTNN,NNTGGACCANN, Score=230.173028513216
P0  A  C  G  T
01  157  336  196  255  N
02  135  493  144  172  N
03  48  14  27  855  T
04  3  9  907  25  G
05  23  10  902  9  G
06  897  33  9  5  A
07  36  701  164  43  C
08  58  761  70  55  C
09  342  75  47  480  T
10  64  173  594  113  N
11  139  252  439  114  N
XX
IC  0.056 0.246 1.413 1.713 1.671 1.655 0.857 0.983 0.465 0.499 0.200
XX
XL
00  68
01  171
02  427
03  7
04  25
05  2
06  6
07  53
08  123
09  33
10  29
XX
//
