AC  HepG2.HNRNPM.2
XX
TY  Motif
XX
ID  HepG2.HNRNPM.2
XX
NA  HepG2.HNRNPM.2
XX
DE  N=927, Consensus=NNTGTGGTCNN, Score=205.710143516552
P0  A  C  G  T
01  152  150  225  400  N
02  129  218  222  358  N
03  15  8  21  883  T
04  5  24  811  87  G
05  21  0  38  868  T
06  3  0  859  65  G
07  19  44  805  59  G
08  27  97  92  711  T
09  40  685  109  93  C
10  183  188  176  380  N
11  110  178  370  269  N
XX
IC  0.126 0.087 1.652 1.331 1.596 1.600 1.244 0.884 0.784 0.086 0.129
XX
XL
00  121
01  118
02  113
03  117
04  168
05  21
06  57
07  59
08  32
09  74
10  47
XX
//
