AC  HepG2.RBM22.4
XX
TY  Motif
XX
ID  HepG2.RBM22.4
XX
NA  HepG2.RBM22.4
XX
DE  N=229, Consensus=NNTGAGTGCNN, Score=106.585559264024
P0  A  C  G  T
01  51  36  61  81  N
02  15  56  88  70  N
03  3  0  15  211  T
04  1  4  224  0  G
05  166  6  34  23  A
06  5  11  203  10  G
07  7  7  17  198  T
08  2  13  204  10  G
09  10  179  23  17  C
10  44  61  43  81  N
11  33  49  95  52  N
XX
IC  0.050 0.183 1.542 1.823 0.775 1.308 1.223 1.350 0.904 0.042 0.100
XX
XL
00  52
01  14
02  76
03  0
04  8
05  4
06  34
07  7
08  3
09  15
10  16
XX
//
