AC  HepG2.BCCIP.4
XX
TY  Motif
XX
ID  HepG2.BCCIP.4
XX
NA  HepG2.BCCIP.4
XX
DE  N=660, Consensus=NNGAGAGGGNN, Score=199.780623150001
P0  A  C  G  T
01  108  115  297  140  N
02  203  34  313  110  N
03  14  20  612  14  G
04  382  11  240  27  A
05  19  26  592  23  G
06  583  13  35  29  A
07  24  12  609  15  G
08  28  5  621  6  G
09  23  21  609  7  G
10  274  107  198  81  N
11  144  111  349  56  N
XX
IC  0.137 0.312 1.507 0.722 1.356 1.304 1.487 1.606 1.493 0.152 0.297
XX
XL
00  50
01  184
02  17
03  138
04  3
05  26
06  23
07  176
08  22
09  15
10  6
XX
//
