AC  HepG2.DDX59.4
XX
TY  Motif
XX
ID  HepG2.DDX59.4
XX
NA  HepG2.DDX59.4
XX
DE  N=107, Consensus=NNAGTCCCCNN, Score=70.7669825914218
P0  A  C  G  T
01  8  37  22  40  N
02  11  37  32  27  N
03  68  7  12  20  A
04  6  5  88  8  G
05  6  3  5  93  T
06  2  93  3  9  C
07  0  101  1  5  C
08  0  104  0  3  C
09  2  99  3  3  C
10  19  32  18  38  N
11  18  37  25  27  N
XX
IC  0.170 0.091 0.501 1.028 1.220 1.252 1.632 1.795 1.480 0.053 0.026
XX
XL
00  18
01  22
02  12
03  11
04  8
05  2
06  1
07  2
08  3
09  16
10  12
XX
//
