AC  HepG2.RBM22.6
XX
TY  Motif
XX
ID  HepG2.RBM22.6
XX
NA  HepG2.RBM22.6
XX
DE  N=410, Consensus=NNGGGGTCCNN, Score=136.462472003077
P0  A  C  G  T
01  51  103  106  150  N
02  48  71  120  171  N
03  7  0  374  29  G
04  5  3  395  7  G
05  13  8  374  15  G
06  7  27  344  32  G
07  22  29  30  329  T
08  7  329  40  34  C
09  18  345  20  27  C
10  55  142  90  123  N
11  40  111  173  86  N
XX
IC  0.085 0.149 1.503 1.713 1.430 1.136 0.967 1.014 1.116 0.075 0.159
XX
XL
00  51
01  105
02  29
03  31
04  32
05  12
06  42
07  52
08  4
09  19
10  33
XX
//
