AC  HepG2.NCBP2.3
XX
TY  Motif
XX
ID  HepG2.NCBP2.3
XX
NA  HepG2.NCBP2.3
XX
DE  N=143, Consensus=NNAGCCGCGNN, Score=88.2205179857443
P0  A  C  G  T
01  17  20  76  30  N
02  12  36  70  25  N
03  110  11  14  8  A
04  1  2  140  0  G
05  0  136  1  6  C
06  3  120  4  16  C
07  1  6  136  0  G
08  12  110  15  6  C
09  5  12  119  7  G
10  16  47  53  27  N
11  20  42  49  32  N
XX
IC  0.265 0.240 0.848 1.819 1.674 1.158 1.674 0.861 1.082 0.119 0.056
XX
XL
00  55
01  13
02  5
03  5
04  0
05  17
06  3
07  12
08  4
09  16
10  13
XX
//
