AC  HepG2.LIN28B.7
XX
TY  Motif
XX
ID  HepG2.LIN28B.7
XX
NA  HepG2.LIN28B.7
XX
DE  N=585, Consensus=NNGAGATTCNN, Score=187.070824683053
P0  A  C  G  T
01  150  196  106  133  N
02  165  70  145  205  N
03  42  13  522  8  G
04  522  3  10  50  A
05  13  7  533  32  G
06  566  7  4  8  A
07  9  7  3  566  T
08  45  29  47  464  T
09  33  374  123  55  C
10  135  179  75  196  N
11  125  108  248  104  N
XX
IC  0.032 0.086 1.370 1.407 1.446 1.740 1.742 0.939 0.556 0.077 0.103
XX
XL
00  27
01  45
02  15
03  1
04  28
05  3
06  398
07  28
08  11
09  22
10  7
XX
//
