AC  HepG2.CSTF2T.1
XX
TY  Motif
XX
ID  HepG2.CSTF2T.1
XX
NA  HepG2.CSTF2T.1
XX
DE  N=6082, Consensus=NNGGGAGGCNN, Score=644.48243098149
P0  A  C  G  T
01  703  1398  2470  1511  N
02  2385  310  2334  1053  N
03  123  17  5824  118  G
04  97  0  5967  18  G
05  124  78  5880  0  G
06  5423  138  224  297  A
07  78  0  5967  37  G
08  325  286  5400  71  G
09  974  2780  1894  434  C
10  1469  1420  2268  925  N
11  1233  1285  2944  620  N
XX
IC  0.125 0.283 1.692 1.853 1.757 1.340 1.847 1.339 0.264 0.071 0.217
XX
XL
00  570
01  1157
02  114
03  2854
04  184
05  8
06  105
07  787
08  132
09  35
10  136
XX
//
