AC  HepG2.HNRNPK.1
XX
TY  Motif
XX
ID  HepG2.HNRNPK.1
XX
NA  HepG2.HNRNPK.1
XX
DE  N=1543, Consensus=NNCCCATCCNN,NNCCCGTCCNN, Score=309.474963838845
P0  A  C  G  T
01  196  441  222  684  N
02  116  618  143  666  N
03  15  1449  0  79  C
04  28  1482  0  33  C
05  41  1309  5  188  C
06  562  193  428  360  A
07  36  160  106  1241  T
08  2  1443  37  61  C
09  28  1480  0  35  C
10  133  1071  12  327  N
11  230  727  200  386  N
XX
IC  0.181 0.348 1.629 1.719 1.261 0.090 1.015 1.582 1.712 0.799 0.196
XX
XL
00  414
01  56
02  12
03  10
04  135
05  501
06  116
07  19
08  19
09  82
10  179
XX
//
