AC  HepG2.HNRNPM.4
XX
TY  Motif
XX
ID  HepG2.HNRNPM.4
XX
NA  HepG2.HNRNPM.4
XX
DE  N=2283, Consensus=NNGTTGTTGNN,NNGCTGTTGNN, Score=314.391433407202
P0  A  C  G  T
01  481  402  478  922  N
02  398  170  389  1326  N
03  83  101  1701  398  G
04  38  722  52  1471  T
05  6  0  46  2231  T
06  42  75  1704  462  G
07  52  101  135  1995  T
08  0  0  176  2107  T
09  21  43  1936  283  G
10  322  365  772  824  N
11  348  472  746  717  N
XX
IC  0.084 0.390 0.871 0.843 1.831 0.950 1.265 1.607 1.254 0.118 0.063
XX
XL
00  71
01  130
02  239
03  125
04  161
05  437
06  440
07  234
08  141
09  165
10  140
XX
//
