AC  HepG2.CSTF2T.5
XX
TY  Motif
XX
ID  HepG2.CSTF2T.5
XX
NA  HepG2.CSTF2T.5
XX
DE  N=3861, Consensus=NNGCAGGGANN, Score=550.461143578694
P0  A  C  G  T
01  1049  728  1478  606  N
02  705  457  1908  791  N
03  291  365  2859  346  G
04  286  2460  909  206  C
05  3518  38  189  116  A
06  28  7  3803  23  G
07  25  0  3827  9  G
08  142  33  3658  28  G
09  3605  55  110  91  A
10  366  276  3022  197  N
11  825  745  1971  320  N
XX
IC  0.085 0.216 0.764 0.590 1.447 1.866 1.919 1.640 1.546 0.909 0.273
XX
XL
00  181
01  178
02  350
03  90
04  90
05  40
06  2513
07  111
08  19
09  18
10  271
XX
//
