AC  HepG2.HNRNPM.5
XX
TY  Motif
XX
ID  HepG2.HNRNPM.5
XX
NA  HepG2.HNRNPM.5
XX
DE  N=1628, Consensus=NNTGCTGTGNN, Score=273.320758714878
P0  A  C  G  T
01  287  246  318  777  N
02  183  309  366  770  N
03  58  19  118  1433  T
04  27  45  1360  196  G
05  87  1280  98  163  C
06  86  24  22  1496  T
07  13  85  1410  120  G
08  55  19  108  1446  T
09  20  42  1483  83  G
10  216  300  670  442  N
11  256  391  550  431  N
XX
IC  0.176 0.194 1.316 1.173 0.924 1.489 1.264 1.347 1.443 0.125 0.048
XX
XL
00  399
01  116
02  278
03  107
04  53
05  111
06  128
07  172
08  77
09  103
10  84
XX
//
