AC  HepG2.SUB1.0
XX
TY  Motif
XX
ID  HepG2.SUB1.0
XX
NA  HepG2.SUB1.0
XX
DE  N=123, Consensus=NNTTGTGAANN, Score=77.9152183335644
P0  A  C  G  T
01  23  18  29  53  N
02  22  12  25  64  N
03  1  5  0  117  T
04  3  6  2  112  T
05  6  6  96  15  G
06  7  2  1  113  T
07  10  0  107  6  G
08  104  7  5  7  A
09  108  3  3  9  A
10  30  28  36  29  N
11  33  22  33  35  N
XX
IC  0.109 0.253 1.670 1.419 0.908 1.482 1.301 1.119 1.280 0.000 0.004
XX
XL
00  4
01  7
02  21
03  27
04  13
05  22
06  3
07  1
08  4
09  11
10  10
XX
//
