AC  HepG2.IGF2BP1.6
XX
TY  Motif
XX
ID  HepG2.IGF2BP1.6
XX
NA  HepG2.IGF2BP1.6
XX
DE  N=294, Consensus=NNACCCACCNN, Score=118.369861981791
P0  A  C  G  T
01  47  93  45  109  N
02  49  84  45  116  N
03  207  30  17  40  A
04  15  245  16  18  C
05  13  268  0  13  C
06  13  266  1  14  C
07  267  10  5  12  A
08  6  259  17  12  C
09  7  272  1  14  C
10  61  107  29  97  N
11  51  103  75  65  N
XX
IC  0.099 0.102 0.671 1.079 1.473 1.426 1.412 1.291 1.523 0.134 0.040
XX
XL
00  78
01  72
02  4
03  11
04  13
05  18
06  2
07  2
08  33
09  39
10  22
XX
//
