AC  HepG2.PTBP1.5
XX
TY  Motif
XX
ID  HepG2.PTBP1.5
XX
NA  HepG2.PTBP1.5
XX
DE  N=761, Consensus=NNGTCTTCTNN, Score=256.549646970792
P0  A  C  G  T
01  56  241  20  444  N
02  39  134  17  571  N
03  29  141  202  389  G
04  5  11  3  742  T
05  9  705  0  47  C
06  0  3  0  758  T
07  0  12  2  747  T
08  3  683  8  67  C
09  3  5  2  751  T
10  60  213  63  425  N
11  80  233  49  399  N
XX
IC  0.603 0.903 0.364 1.794 1.571 1.960 1.854 1.448 1.877 0.427 0.390
XX
XL
00  82
01  32
02  60
03  63
04  21
05  70
06  124
07  51
08  58
09  155
10  45
XX
//
