AC  HepG2.PCBP2.3
XX
TY  Motif
XX
ID  HepG2.PCBP2.3
XX
NA  HepG2.PCBP2.3
XX
DE  N=918, Consensus=NNCTACCCCNN, Score=260.161499792673
P0  A  C  G  T
01  59  473  50  336  N
02  52  519  54  293  N
03  7  856  10  45  C
04  15  86  2  815  T
05  368  162  61  327  A
06  0  883  0  35  C
07  6  889  0  23  C
08  0  893  0  25  C
09  9  858  0  51  C
10  149  279  69  421  N
11  112  303  129  374  N
XX
IC  0.491 0.532 1.566 1.409 0.237 1.764 1.772 1.817 1.609 0.253 0.174
XX
XL
00  176
01  48
02  40
03  282
04  30
05  4
06  4
07  8
08  40
09  144
10  142
XX
//
