AC  HepG2.XPO5.6
XX
TY  Motif
XX
ID  HepG2.XPO5.6
XX
NA  HepG2.XPO5.6
XX
DE  N=216, Consensus=NNTCTGACCNN, Score=102.986048681047
P0  A  C  G  T
01  38  48  74  56  N
02  23  73  63  57  N
03  6  9  27  174  T
04  6  180  19  11  C
05  4  2  3  207  T
06  0  8  203  5  G
07  150  23  25  18  A
08  5  188  18  5  C
09  4  203  0  9  C
10  54  75  25  62  N
11  24  64  67  61  N
XX
IC  0.032 0.091 1.029 1.100 1.676 1.604 0.622 1.265 1.608 0.083 0.079
XX
XL
00  13
01  17
02  39
03  9
04  88
05  2
06  6
07  0
08  7
09  16
10  19
XX
//
