AC  HepG2.NKRF.5
XX
TY  Motif
XX
ID  HepG2.NKRF.5
XX
NA  HepG2.NKRF.5
XX
DE  N=333, Consensus=NNGGGTCCANN, Score=138.858042975528
P0  A  C  G  T
01  45  46  157  85  N
02  47  38  172  76  N
03  0  1  323  9  G
04  8  0  313  12  G
05  9  11  311  2  G
06  20  24  54  235  T
07  7  276  37  13  C
08  5  314  5  9  C
09  242  43  27  21  A
10  32  64  198  39  N
11  37  77  176  43  N
XX
IC  0.195 0.259 1.785 1.608 1.554 0.696 1.117 1.591 0.732 0.403 0.285
XX
XL
00  23
01  39
02  55
03  104
04  61
05  5
06  1
07  7
08  7
09  8
10  23
XX
//
