AC  HepG2.NKRF.2
XX
TY  Motif
XX
ID  HepG2.NKRF.2
XX
NA  HepG2.NKRF.2
XX
DE  N=884, Consensus=NNGCGGGGTNN, Score=249.428386166935
P0  A  C  G  T
01  72  102  634  76  N
02  75  77  625  107  N
03  4  14  855  11  G
04  75  576  120  113  C
05  10  9  827  38  G
06  1  0  876  7  G
07  3  3  873  5  G
08  12  14  844  14  G
09  82  119  184  499  T
10  86  194  462  142  N
11  104  247  398  135  N
XX
IC  0.695 0.667 1.742 0.522 1.572 1.918 1.882 1.660 0.353 0.277 0.188
XX
XL
00  33
01  16
02  11
03  21
04  89
05  102
06  324
07  56
08  55
09  57
10  120
XX
//
