AC  HepG2.SUGP2.5
XX
TY  Motif
XX
ID  HepG2.SUGP2.5
XX
NA  HepG2.SUGP2.5
XX
DE  N=378, Consensus=NNCTTGGCANN, Score=150.981114915263
P0  A  C  G  T
01  71  56  72  179  N
02  60  75  51  192  N
03  8  280  10  80  C
04  0  0  3  375  T
05  2  0  31  345  T
06  2  0  286  90  G
07  10  9  342  17  G
08  17  324  23  14  C
09  331  19  0  28  A
10  103  58  119  98  N
11  65  76  117  120  N
XX
IC  0.167 0.224 0.943 1.927 1.538 1.157 1.395 1.181 1.332 0.038 0.043
XX
XL
00  13
01  2
02  36
03  129
04  140
05  17
06  0
07  1
08  1
09  11
10  28
XX
//
