AC  HepG2.CSTF2T.0
XX
TY  Motif
XX
ID  HepG2.CSTF2T.0
XX
NA  HepG2.CSTF2T.0
XX
DE  N=5360, Consensus=NNCAGAGGGNN,NNGAGAGGGNN, Score=541.744484064884
P0  A  C  G  T
01  764  963  2646  987  N
02  1298  343  2936  783  N
03  74  976  4278  32  C
04  2954  79  2004  323  A
05  147  308  4829  76  G
06  4406  161  447  346  A
07  140  56  5016  148  G
08  152  35  5111  62  G
09  166  109  5027  58  G
10  1854  892  2015  599  N
11  1137  928  2749  546  N
XX
IC  0.202 0.369 1.163 0.661 1.398 1.061 1.561 1.667 1.573 0.155 0.257
XX
XL
00  345
01  1154
02  156
03  801
04  77
05  208
06  285
07  1665
08  396
09  155
10  118
XX
//
