AC  HepG2.DDX59.1
XX
TY  Motif
XX
ID  HepG2.DDX59.1
XX
NA  HepG2.DDX59.1
XX
DE  N=264, Consensus=NNCCCCATCNN,NNTCCCATCNN, Score=126.735539203867
P0  A  C  G  T
01  26  122  25  91  N
02  21  94  37  112  N
03  0  130  4  130  C
04  11  247  0  6  C
05  0  263  1  0  C
06  0  258  0  6  C
07  102  59  21  82  A
08  7  25  16  216  T
09  0  251  7  6  C
10  24  150  3  87  N
11  21  142  28  73  N
XX
IC  0.296 0.249 0.894 1.587 1.956 1.835 0.164 1.049 1.660 0.613 0.364
XX
XL
00  42
01  45
02  1
03  2
04  3
05  19
06  61
07  22
08  13
09  20
10  36
XX
//
