AC  HepG2.HNRNPA1.5
XX
TY  Motif
XX
ID  HepG2.HNRNPA1.5
XX
NA  HepG2.HNRNPA1.5
XX
DE  N=5268, Consensus=NNAGTCAGGNN, Score=583.298189774071
P0  A  C  G  T
01  957  718  2553  1040  N
02  1356  954  1959  999  N
03  4805  30  170  263  A
04  144  217  4725  182  G
05  546  525  790  3407  T
06  281  4162  480  345  C
07  5080  8  13  167  A
08  99  0  5115  54  G
09  205  158  4711  194  G
10  1559  662  2558  489  N
11  3183  598  1025  462  N
XX
IC  0.192 0.064 1.460 1.360 0.512 0.933 1.756 1.783 1.346 0.279 0.437
XX
XL
00  1680
01  162
02  20
03  59
04  689
05  82
06  5
07  98
08  2402
09  42
10  29
XX
//
