AC  HepG2.DKC1.8
XX
TY  Motif
XX
ID  HepG2.DKC1.8
XX
NA  HepG2.DKC1.8
XX
DE  N=2758, Consensus=NNGTGTGTGNN, Score=514.774320521423
P0  A  C  G  T
01  372  172  1989  225  N
02  185  237  232  2104  N
03  198  72  2444  44  G
04  66  75  37  2580  T
05  122  57  2559  20  G
06  97  85  57  2519  T
07  162  75  2494  27  G
08  105  87  43  2523  T
09  133  75  2484  66  G
10  211  315  280  1952  N
11  240  176  2116  226  N
XX
IC  0.725 0.835 1.339 1.555 1.533 1.440 1.421 1.451 1.382 0.670 0.850
XX
XL
00  80
01  473
02  5
03  412
04  3
05  491
06  4
07  685
08  10
09  576
10  19
XX
//
