AC  HepG2.GTF2F1.0
XX
TY  Motif
XX
ID  HepG2.GTF2F1.0
XX
NA  HepG2.GTF2F1.0
XX
DE  N=1427, Consensus=NNGCGGGGTNN,NNGCGGGGGNN, Score=304.743354213917
P0  A  C  G  T
01  101  132  1068  126  N
02  119  81  1070  157  N
03  5  13  1401  8  G
04  172  662  267  326  C
05  28  29  1324  46  G
06  5  15  1397  10  G
07  27  42  1344  14  G
08  57  52  1267  51  G
09  65  63  993  306  T
10  202  268  739  218  N
11  204  294  766  163  N
XX
IC  0.788 0.803 1.840 0.177 1.513 1.821 1.594 1.315 0.756 0.240 0.288
XX
XL
00  30
01  61
02  17
03  21
04  101
05  240
06  415
07  107
08  109
09  139
10  187
XX
//
