AC  HepG2.NKRF.4
XX
TY  Motif
XX
ID  HepG2.NKRF.4
XX
NA  HepG2.NKRF.4
XX
DE  N=1090, Consensus=NNCTGGGGGNN, Score=246.891693634738
P0  A  C  G  T
01  114  117  683  176  N
02  87  175  690  138  N
03  37  665  315  73  C
04  30  37  101  922  T
05  8  13  1026  43  G
06  20  15  1020  35  G
07  22  11  1029  28  G
08  37  24  971  58  G
09  34  45  980  31  G
10  206  261  416  207  N
11  168  277  484  161  N
XX
IC  0.464 0.488 0.619 1.167 1.604 1.558 1.603 1.337 1.368 0.064 0.152
XX
XL
00  68
01  23
02  13
03  108
04  61
05  215
06  251
07  88
08  62
09  95
10  106
XX
//
