AC  HepG2.U2AF2.8
XX
TY  Motif
XX
ID  HepG2.U2AF2.8
XX
NA  HepG2.U2AF2.8
XX
DE  N=6560, Consensus=NNTTCCTTCNN, Score=652.455084808782
P0  A  C  G  T
01  842  1801  731  3186  N
02  713  1899  461  3487  N
03  28  180  45  6307  T
04  61  292  174  6033  T
05  120  5247  381  812  C
06  194  5629  8  729  C
07  105  546  0  5909  T
08  21  840  58  5641  T
09  85  5497  183  795  C
10  768  3428  244  2120  N
11  1200  2173  621  2566  N
XX
IC  0.249 0.380 1.720 1.487 1.025 1.296 1.470 1.346 1.192 0.445 0.172
XX
XL
00  189
01  865
02  2686
03  213
04  74
05  189
06  1334
07  305
08  133
09  319
10  253
XX
//
