AC  HepG2.RBM22.1
XX
TY  Motif
XX
ID  HepG2.RBM22.1
XX
NA  HepG2.RBM22.1
XX
DE  N=329, Consensus=NNGTGAGTGNN, Score=133.542027483434
P0  A  C  G  T
01  56  65  115  93  N
02  75  19  132  103  N
03  4  12  295  18  G
04  8  0  57  264  T
05  0  5  324  0  G
06  223  12  73  21  A
07  10  5  305  9  G
08  9  9  31  280  T
09  3  12  307  7  G
10  48  64  140  77  N
11  38  58  156  77  N
XX
IC  0.051 0.216 1.371 1.170 1.880 0.704 1.505 1.190 1.546 0.114 0.192
XX
XL
00  20
01  84
02  5
03  64
04  1
05  6
06  12
07  68
08  12
09  20
10  37
XX
//
