AC  HepG2.XPO5.2
XX
TY  Motif
XX
ID  HepG2.XPO5.2
XX
NA  HepG2.XPO5.2
XX
DE  N=543, Consensus=NNTGGCCTGNN, Score=163.857264718411
P0  A  C  G  T
01  65  160  172  146  N
02  83  201  158  101  N
03  22  15  40  466  T
04  5  7  508  23  G
05  16  62  430  35  G
06  10  439  69  25  C
07  18  497  12  16  C
08  35  14  19  475  T
09  6  27  489  21  G
10  77  137  206  123  N
11  80  152  209  102  N
XX
IC  0.075 0.081 1.199 1.570 0.967 1.059 1.445 1.267 1.391 0.079 0.091
XX
XL
00  36
01  33
02  224
03  13
04  4
05  6
06  9
07  109
08  10
09  49
10  50
XX
//
