AC  HepG2.GTF2F1.3
XX
TY  Motif
XX
ID  HepG2.GTF2F1.3
XX
NA  HepG2.GTF2F1.3
XX
DE  N=750, Consensus=NNGATGGGGNN, Score=253.352745987385
P0  A  C  G  T
01  92  56  493  109  N
02  71  18  601  60  N
03  6  0  744  0  G
04  273  43  377  57  A
05  25  9  128  588  T
06  11  3  732  4  G
07  2  0  738  10  G
08  8  0  736  6  G
09  12  0  727  11  G
10  158  118  345  129  N
11  137  152  317  144  N
XX
IC  0.544 0.998 1.930 0.449 1.046 1.801 1.868 1.845 1.769 0.152 0.100
XX
XL
00  22
01  45
02  17
03  11
04  21
05  74
06  194
07  281
08  20
09  32
10  33
XX
//
