AC  HepG2.BCCIP.1
XX
TY  Motif
XX
ID  HepG2.BCCIP.1
XX
NA  HepG2.BCCIP.1
XX
DE  N=626, Consensus=NNGCAGGGANN, Score=232.218165184085
P0  A  C  G  T
01  242  83  203  98  N
02  134  70  282  140  N
03  64  59  438  65  G
04  52  390  124  60  C
05  586  4  22  14  A
06  6  0  617  3  G
07  6  2  618  0  G
08  20  6  595  5  G
09  610  0  10  6  A
10  49  34  520  23  N
11  152  92  307  75  N
XX
IC  0.134 0.166 0.639 0.486 1.568 1.875 1.887 1.648 1.801 1.083 0.223
XX
XL
00  18
01  16
02  80
03  12
04  13
05  2
06  446
07  10
08  4
09  5
10  20
XX
//
