AC  HepG2.SF3A3.0
XX
TY  Motif
XX
ID  HepG2.SF3A3.0
XX
NA  HepG2.SF3A3.0
XX
DE  N=409, Consensus=NNTTTCAGGNN,NNTTTCAGANN, Score=118.343849630256
P0  A  C  G  T
01  81  78  85  165  N
02  69  80  72  188  N
03  7  23  12  367  T
04  0  17  15  377  T
05  27  27  32  323  T
06  28  309  40  32  C
07  353  2  4  50  A
08  18  16  357  18  G
09  183  9  211  6  G
10  103  85  122  99  N
11  97  90  128  94  N
XX
IC  0.077 0.145 1.371 1.521 0.920 0.809 1.338 1.244 0.772 0.007 0.010
XX
XL
00  37
01  55
02  46
03  84
04  39
05  33
06  23
07  38
08  19
09  15
10  20
XX
//
