AC  HepG2.XRCC6.6
XX
TY  Motif
XX
ID  HepG2.XRCC6.6
XX
NA  HepG2.XRCC6.6
XX
DE  N=142, Consensus=NNTGAGGTCNN, Score=88.7246509415918
P0  A  C  G  T
01  11  32  67  32  N
02  35  55  16  36  N
03  0  4  4  134  T
04  1  5  136  0  G
05  115  1  18  8  A
06  6  0  134  2  G
07  25  19  96  2  G
08  0  6  8  128  T
09  0  127  6  9  C
10  41  29  18  54  N
11  9  33  34  66  N
XX
IC  0.219 0.100 1.616 1.705 1.076 1.626 0.687 1.423 1.396 0.091 0.236
XX
XL
00  12
01  10
02  26
03  2
04  6
05  6
06  2
07  11
08  13
09  18
10  36
XX
//
