AC  HepG2.EIF3D.7
XX
TY  Motif
XX
ID  HepG2.EIF3D.7
XX
NA  HepG2.EIF3D.7
XX
DE  N=165, Consensus=NNCAACTGGNN, Score=86.0776951973491
P0  A  C  G  T
01  33  34  34  64  N
02  23  44  35  63  N
03  12  136  12  5  C
04  140  10  6  9  A
05  133  12  10  10  A
06  9  139  12  5  C
07  11  2  6  146  T
08  3  0  150  12  G
09  4  6  147  8  G
10  46  41  52  26  N
11  39  51  40  35  N
XX
IC  0.053 0.077 1.054 1.138 0.971 1.122 1.319 1.482 1.323 0.029 0.001
XX
XL
00  35
01  20
02  1
03  1
04  0
05  4
06  67
07  14
08  10
09  7
10  6
XX
//
