AC  HepG2.DDX55.8
XX
TY  Motif
XX
ID  HepG2.DDX55.8
XX
NA  HepG2.DDX55.8
XX
DE  N=220, Consensus=NNACTTTGTNN, Score=104.252517128962
P0  A  C  G  T
01  41  33  46  100  N
02  44  39  49  88  N
03  173  13  13  21  A
04  8  162  8  42  C
05  5  4  0  211  T
06  3  5  3  209  T
07  0  0  0  220  T
08  6  9  156  49  G
09  8  8  6  198  T
10  63  45  37  75  N
11  61  51  40  68  N
XX
IC  0.139 0.072 0.912 0.861 1.703 1.627 1.990 0.826 1.364 0.043 0.017
XX
XL
00  2
01  6
02  3
03  3
04  22
05  43
06  54
07  20
08  23
09  21
10  23
XX
//
