AC  HepG2.IGF2BP1.0
XX
TY  Motif
XX
ID  HepG2.IGF2BP1.0
XX
NA  HepG2.IGF2BP1.0
XX
DE  N=536, Consensus=NNCACCACCNN,NNCACCACANN, Score=140.68149369773
P0  A  C  G  T
01  102  127  83  224  N
02  106  159  76  195  N
03  22  457  19  38  C
04  424  48  9  55  A
05  19  472  18  27  C
06  23  492  0  21  C
07  426  50  16  44  A
08  17  470  22  27  C
09  186  339  3  8  C
10  134  150  98  154  N
11  107  204  115  110  N
XX
IC  0.105 0.083 1.169 0.981 1.282 1.504 0.966 1.266 0.916 0.017 0.056
XX
XL
00  150
01  42
02  72
03  25
04  9
05  49
06  13
07  20
08  33
09  66
10  57
XX
//
