AC  HepG2.BCCIP.3
XX
TY  Motif
XX
ID  HepG2.BCCIP.3
XX
NA  HepG2.BCCIP.3
XX
DE  N=793, Consensus=NNGGGAGAGNN, Score=240.580300163689
P0  A  C  G  T
01  131  229  237  196  N
02  483  24  174  112  N
03  24  0  758  11  G
04  28  3  758  4  G
05  30  16  744  3  G
06  713  5  65  10  A
07  3  12  770  8  G
08  441  31  240  81  A
09  43  55  666  29  G
10  196  131  388  78  N
11  196  158  356  83  N
XX
IC  0.032 0.530 1.697 1.696 1.588 1.438 1.767 0.486 1.116 0.236 0.176
XX
XL
00  53
01  72
02  24
03  520
04  7
05  13
06  6
07  26
08  11
09  49
10  12
XX
//
