AC  HepG2.HNRNPM.7
XX
TY  Motif
XX
ID  HepG2.HNRNPM.7
XX
NA  HepG2.HNRNPM.7
XX
DE  N=1535, Consensus=NNTTGGCTGNN, Score=281.705768270078
P0  A  C  G  T
01  255  247  371  662  N
02  194  290  269  782  N
03  40  79  95  1321  T
04  10  9  72  1444  T
05  30  11  1301  193  G
06  46  128  1229  132  G
07  48  1316  73  98  C
08  114  27  29  1365  T
09  32  47  1369  87  G
10  206  259  573  497  N
11  214  280  685  356  N
XX
IC  0.126 0.231 1.206 1.618 1.258 0.987 1.189 1.359 1.346 0.119 0.146
XX
XL
00  94
01  195
02  620
03  279
04  62
05  37
06  26
07  102
08  38
09  39
10  43
XX
//
