AC  HepG2.HNRNPM.6
XX
TY  Motif
XX
ID  HepG2.HNRNPM.6
XX
NA  HepG2.HNRNPM.6
XX
DE  N=1126, Consensus=NNCTGTGGTNN, Score=223.151237630835
P0  A  C  G  T
01  171  177  271  507  N
02  146  181  302  497  N
03  40  893  80  113  C
04  42  5  14  1065  T
05  10  37  1006  73  G
06  37  7  40  1042  T
07  11  9  1016  90  G
08  39  69  923  95  G
09  47  78  107  894  T
10  145  219  418  344  N
11  140  213  375  398  N
XX
IC  0.153 0.162 0.958 1.632 1.374 1.516 1.452 1.047 0.953 0.104 0.111
XX
XL
00  143
01  125
02  41
03  114
04  123
05  152
06  31
07  73
08  114
09  102
10  108
XX
//
