AC  HepG2.XRCC6.8
XX
TY  Motif
XX
ID  HepG2.XRCC6.8
XX
NA  HepG2.XRCC6.8
XX
DE  N=135, Consensus=NNGTTGCTCNN, Score=89.9972849888705
P0  A  C  G  T
01  42  32  41  20  N
02  13  8  26  88  N
03  2  15  109  9  G
04  2  9  0  124  T
05  0  0  7  128  T
06  0  2  119  14  G
07  2  111  17  5  C
08  3  19  2  111  T
09  4  117  14  0  C
10  55  33  10  37  N
11  16  24  65  30  N
XX
IC  0.037 0.557 1.032 1.521 1.690 1.394 1.109 1.142 1.316 0.169 0.186
XX
XL
00  2
01  9
02  9
03  22
04  56
05  2
06  0
07  5
08  3
09  12
10  15
XX
//
