AC  HepG2.PTBP1.3
XX
TY  Motif
XX
ID  HepG2.PTBP1.3
XX
NA  HepG2.PTBP1.3
XX
DE  N=3412, Consensus=NNCCTTTCTNN, Score=553.767709746057
P0  A  C  G  T
01  179  633  96  2504  N
02  128  696  132  2456  N
03  62  2026  50  1274  C
04  41  2680  7  684  C
05  16  40  0  3356  T
06  8  64  25  3315  T
07  5  281  10  3116  T
08  40  3105  22  245  C
09  17  178  0  3217  T
10  112  1042  210  2048  N
11  233  979  162  2038  N
XX
IC  0.853 0.831 0.828 1.166 1.864 1.779 1.545 1.481 1.659 0.625 0.565
XX
XL
00  139
01  44
02  61
03  178
04  323
05  1044
06  255
07  236
08  233
09  642
10  257
XX
//
