AC  HepG2.CSTF2.3
XX
TY  Motif
XX
ID  HepG2.CSTF2.3
XX
NA  HepG2.CSTF2.3
XX
DE  N=2069, Consensus=NNTGTGTTCNN, Score=323.57566363969
P0  A  C  G  T
01  441  296  268  1064  N
02  300  438  563  768  N
03  32  0  18  2019  T
04  19  45  1845  160  G
05  33  0  0  2036  T
06  73  118  1565  313  G
07  45  38  81  1905  T
08  39  97  175  1758  T
09  84  1393  152  440  C
10  466  364  181  1058  N
11  305  361  418  985  N
XX
IC  0.247 0.079 1.812 1.384 1.881 0.876 1.480 1.183 0.675 0.271 0.176
XX
XL
00  118
01  69
02  183
03  112
04  338
05  126
06  286
07  396
08  133
09  157
10  151
XX
//
