AC  HepG2.PTBP1.2
XX
TY  Motif
XX
ID  HepG2.PTBP1.2
XX
NA  HepG2.PTBP1.2
XX
DE  N=3863, Consensus=NNCTTTCTCNN, Score=567.982257273607
P0  A  C  G  T
01  176  1175  175  2337  N
02  159  858  105  2741  N
03  36  3267  22  538  C
04  6  51  0  3806  T
05  16  422  60  3365  T
06  9  72  7  3775  T
07  59  3270  102  432  C
08  33  150  0  3680  T
09  62  2655  128  1018  C
10  283  820  85  2675  N
11  310  1778  322  1453  N
XX
IC  0.633 0.835 1.294 1.881 1.351 1.823 1.212 1.692 0.862 0.760 0.363
XX
XL
00  176
01  82
02  293
03  254
04  1386
05  252
06  239
07  150
08  414
09  185
10  432
XX
//
