AC  HepG2.PRPF8.3
XX
TY  Motif
XX
ID  HepG2.PRPF8.3
XX
NA  HepG2.PRPF8.3
XX
DE  N=14252, Consensus=NNGGTGAGTNN, Score=1136.50733866568
P0  A  C  G  T
01  4190  5146  3234  1682  N
02  7547  2160  2301  2244  N
03  792  488  12273  699  G
04  0  0  14252  0  G
05  0  29  0  14223  T
06  998  389  12794  71  G
07  12959  298  771  224  A
08  30  81  14116  25  G
09  1082  2238  2542  8390  T
10  2577  3418  6649  1608  N
11  1934  4960  4576  2782  N
XX
IC  0.101 0.257 1.202 2.000 1.979 1.412 1.437 1.909 0.404 0.191 0.093
XX
XL
00  21
01  39
02  12357
03  1602
04  54
05  8
06  42
07  39
08  31
09  23
10  36
XX
//
