AC  HepG2.UCHL5.8
XX
TY  Motif
XX
ID  HepG2.UCHL5.8
XX
NA  HepG2.UCHL5.8
XX
DE  N=284, Consensus=NNGATCAACNN, Score=114.575920999354
P0  A  C  G  T
01  86  54  73  71  N
02  74  27  66  117  N
03  6  45  222  11  G
04  250  8  6  20  A
05  11  10  4  259  T
06  3  250  26  5  C
07  261  11  5  7  A
08  209  7  13  55  A
09  5  264  7  8  C
10  72  67  54  91  N
11  63  44  75  102  N
XX
IC  0.011 0.148 0.994 1.298 1.433 1.343 1.464 0.873 1.515 0.017 0.056
XX
XL
00  17
01  55
02  8
03  12
04  68
05  3
06  3
07  46
08  4
09  20
10  48
XX
//
