AC  HepG2.QKI.3
XX
TY  Motif
XX
ID  HepG2.QKI.3
XX
NA  HepG2.QKI.3
XX
DE  N=3662, Consensus=NNCTACTAANN, Score=556.831209998906
P0  A  C  G  T
01  1114  670  415  1463  N
02  1184  662  500  1316  N
03  716  1165  338  1443  C
04  38  25  0  3599  T
05  3549  0  24  89  A
06  274  3248  0  140  C
07  0  0  0  3662  T
08  3577  27  0  58  A
09  3639  23  0  0  A
10  302  2118  47  1195  N
11  1417  1125  292  828  N
XX
IC  0.144 0.104 0.167 1.857 1.778 1.386 1.999 1.819 1.944 0.638 0.170
XX
XL
00  84
01  149
02  61
03  2041
04  679
05  55
06  59
07  71
08  99
09  145
10  219
XX
//
