AC  HepG2.XRN2.5
XX
TY  Motif
XX
ID  HepG2.XRN2.5
XX
NA  HepG2.XRN2.5
XX
DE  N=863, Consensus=NNGGGCGCGNN, Score=219.037963143179
P0  A  C  G  T
01  99  223  444  97  N
02  142  207  349  165  N
03  17  26  813  7  G
04  17  63  752  31  G
05  10  45  804  4  G
06  51  635  146  31  C
07  6  47  798  12  G
08  19  619  196  29  C
09  3  32  824  4  G
10  80  260  466  57  N
11  76  240  481  66  N
XX
IC  0.287 0.090 1.596 1.265 1.570 0.825 1.529 0.882 1.693 0.419 0.422
XX
XL
00  96
01  107
02  116
03  71
04  83
05  64
06  104
07  38
08  129
09  29
10  26
XX
//
