AC  HepG2.UCHL5.4
XX
TY  Motif
XX
ID  HepG2.UCHL5.4
XX
NA  HepG2.UCHL5.4
XX
DE  N=730, Consensus=NNGGACATCNN, Score=200.730730404731
P0  A  C  G  T
01  187  193  217  133  N
02  239  99  140  252  N
03  60  25  592  53  G
04  47  25  637  21  G
05  606  41  34  49  A
06  11  686  30  3  C
07  568  18  34  110  A
08  13  13  26  678  T
09  3  688  15  24  C
10  189  165  165  211  N
11  192  128  156  254  N
XX
IC  0.018 0.092 1.014 1.257 1.073 1.600 0.966 1.520 1.607 0.005 0.044
XX
XL
00  40
01  82
02  12
03  3
04  5
05  1
06  7
07  442
08  16
09  32
10  90
XX
//
