AC  HepG2.SUGP2.7
XX
TY  Motif
XX
ID  HepG2.SUGP2.7
XX
NA  HepG2.SUGP2.7
XX
DE  N=263, Consensus=NNAGCCTGTNN, Score=117.760501181664
P0  A  C  G  T
01  58  37  47  121  N
02  49  52  86  76  N
03  205  3  15  40  A
04  5  25  224  9  G
05  11  231  9  12  C
06  14  235  5  9  C
07  9  2  0  252  T
08  12  2  205  44  G
09  2  2  21  238  T
10  21  30  82  130  N
11  36  43  41  143  N
XX
IC  0.153 0.033 0.989 1.197 1.266 1.346 1.713 1.023 1.463 0.317 0.276
XX
XL
00  60
01  11
02  13
03  0
04  0
05  3
06  29
07  22
08  28
09  39
10  58
XX
//
