AC  HepG2.NKRF.3
XX
TY  Motif
XX
ID  HepG2.NKRF.3
XX
NA  HepG2.NKRF.3
XX
DE  N=2014, Consensus=NNGGGGGCCNN,NNGGGGTCCNN, Score=293.178494329422
P0  A  C  G  T
01  231  343  1092  348  N
02  323  314  932  445  N
03  46  47  1839  82  G
04  48  25  1877  64  G
05  86  39  1823  66  G
06  102  72  1756  84  G
07  60  58  1405  491  G
08  80  1568  264  102  C
09  100  1496  284  134  C
10  319  532  780  383  N
11  214  544  991  265  N
XX
IC  0.289 0.162 1.440 1.539 1.403 1.246 0.842 0.931 0.807 0.085 0.257
XX
XL
00  96
01  149
02  168
03  485
04  462
05  232
06  114
07  29
08  43
09  98
10  138
XX
//
