AC  HepG2.PRPF8.6
XX
TY  Motif
XX
ID  HepG2.PRPF8.6
XX
NA  HepG2.PRPF8.6
XX
DE  N=5615, Consensus=NNAGGTATGNN, Score=726.520197805738
P0  A  C  G  T
01  1499  1565  1550  1001  N
02  1765  2418  1166  266  N
03  5423  21  78  93  A
04  40  0  5575  0  G
05  0  0  5615  0  G
06  0  0  0  5615  T
07  4995  158  349  113  A
08  2099  465  1420  1631  T
09  33  94  5417  71  G
10  983  1211  1838  1583  N
11  1078  1418  2306  813  N
XX
IC  0.021 0.272 1.737 1.939 2.000 2.000 1.342 0.152 1.728 0.040 0.110
XX
XL
00  31
01  7
02  25
03  4828
04  569
05  69
06  21
07  19
08  10
09  21
10  15
XX
//
