AC  HepG2.SF3B4.0
XX
TY  Motif
XX
ID  HepG2.SF3B4.0
XX
NA  HepG2.SF3B4.0
XX
DE  N=808, Consensus=NNTCTGACCNN,NNTCTGACTNN, Score=176.309603691023
P0  A  C  G  T
01  121  243  181  263  N
02  113  287  186  222  N
03  31  49  54  674  T
04  20  702  62  24  C
05  14  0  5  789  T
06  20  35  734  19  G
07  523  118  94  73  A
08  26  692  71  19  C
09  14  427  5  362  C
10  99  263  208  238  N
11  101  277  221  209  N
XX
IC  0.055 0.070 1.093 1.254 1.817 1.416 0.511 1.211 0.845 0.076 0.077
XX
XL
00  48
01  73
02  168
03  31
04  227
05  17
06  6
07  24
08  80
09  57
10  77
XX
//
