AC  HepG2.SND1.4
XX
TY  Motif
XX
ID  HepG2.SND1.4
XX
NA  HepG2.SND1.4
XX
DE  N=148, Consensus=NNTTACCGGNN, Score=87.4226558501073
P0  A  C  G  T
01  40  47  27  34  N
02  36  31  23  58  N
03  1  6  3  138  T
04  3  2  4  139  T
05  113  13  9  13  A
06  1  140  3  4  C
07  14  124  3  7  C
08  13  5  105  25  G
09  3  5  136  4  G
10  23  52  43  30  N
11  36  44  51  17  N
XX
IC  0.014 0.070 1.541 1.562 0.826 1.606 1.127 0.727 1.453 0.053 0.081
XX
XL
00  6
01  27
02  44
03  52
04  7
05  0
06  5
07  4
08  0
09  0
10  3
XX
//
