AC  HepG2.HNRNPC.1
XX
TY  Motif
XX
ID  HepG2.HNRNPC.1
XX
NA  HepG2.HNRNPC.1
XX
DE  N=7315, Consensus=NNTTTGGCTNN, Score=720.209320327581
P0  A  C  G  T
01  1479  994  775  4067  N
02  579  555  502  5679  N
03  16  63  0  7236  T
04  38  63  80  7134  T
05  73  16  117  7109  T
06  235  44  5012  2024  G
07  337  706  5726  546  G
08  344  6070  355  546  C
09  523  531  97  6164  T
10  995  1524  2701  2095  N
11  1275  1487  2274  2279  N
XX
IC  0.328 0.879 1.906 1.795 1.779 0.909 0.914 1.078 1.162 0.089 0.045
XX
XL
00  286
01  487
02  2574
03  2964
04  327
05  18
06  15
07  23
08  114
09  256
10  251
XX
//
