AC  HepG2.UCHL5.9
XX
TY  Motif
XX
ID  HepG2.UCHL5.9
XX
NA  HepG2.UCHL5.9
XX
DE  N=324, Consensus=NNAGATCGTNN, Score=135.798661394531
P0  A  C  G  T
01  56  81  124  63  N
02  89  82  122  31  N
03  308  0  7  9  A
04  4  31  287  2  G
05  300  8  7  9  A
06  18  8  9  289  T
07  7  275  16  26  C
08  41  28  182  73  G
09  8  0  0  316  T
10  20  148  92  64  N
11  85  59  88  92  N
XX
IC  0.066 0.125 1.661 1.391 1.496 1.339 1.167 0.359 1.826 0.251 0.013
XX
XL
00  15
01  5
02  2
03  1
04  1
05  39
06  25
07  17
08  167
09  32
10  20
XX
//
