AC  HepG2.XRN2.3
XX
TY  Motif
XX
ID  HepG2.XRN2.3
XX
NA  HepG2.XRN2.3
XX
DE  N=1545, Consensus=NNGCGGGGGNN, Score=280.127644399243
P0  A  C  G  T
01  199  325  775  246  N
02  209  186  908  242  N
03  11  49  1469  16  G
04  122  1060  125  238  C
05  49  54  1349  93  G
06  18  56  1447  24  G
07  23  165  1331  26  G
08  47  73  1389  36  G
09  50  113  1354  28  G
10  217  492  627  209  N
11  194  373  785  193  N
XX
IC  0.223 0.371 1.652 0.627 1.257 1.568 1.279 1.373 1.291 0.157 0.257
XX
XL
00  190
01  212
02  144
03  149
04  248
05  69
06  104
07  82
08  22
09  78
10  247
XX
//
