AC  HepG2.CSTF2.0
XX
TY  Motif
XX
ID  HepG2.CSTF2.0
XX
NA  HepG2.CSTF2.0
XX
DE  N=2323, Consensus=NNGTGTCTTNN, Score=341.732961719417
P0  A  C  G  T
01  443  444  478  958  N
02  426  169  347  1381  N
03  79  118  1881  245  G
04  61  3  27  2232  T
05  48  112  1947  216  G
06  48  33  42  2200  T
07  91  1632  207  393  C
08  74  66  12  2171  T
09  40  50  175  2058  T
10  324  417  404  1178  N
11  523  393  393  1014  N
XX
IC  0.091 0.419 1.026 1.719 1.140 1.617 0.714 1.564 1.343 0.222 0.125
XX
XL
00  118
01  151
02  177
03  103
04  16
05  444
06  208
07  287
08  368
09  231
10  220
XX
//
