AC  HepG2.BUD13.5
XX
TY  Motif
XX
ID  HepG2.BUD13.5
XX
NA  HepG2.BUD13.5
XX
DE  N=364, Consensus=NNTGATGGANN, Score=128.360485872478
P0  A  C  G  T
01  53  89  116  106  N
02  93  76  90  105  N
03  27  2  16  319  T
04  7  20  314  23  G
05  279  33  32  20  A
06  22  0  30  312  T
07  5  3  343  13  G
08  29  11  317  7  G
09  324  13  14  13  A
10  71  93  144  56  N
11  106  79  119  60  N
XX
IC  0.048 0.003 1.309 1.219 0.848 1.262 1.600 1.267 1.320 0.086 0.041
XX
XL
00  68
01  9
02  58
03  15
04  12
05  118
06  33
07  5
08  3
09  21
10  22
XX
//
