AC  HepG2.SRSF1.2
XX
TY  Motif
XX
ID  HepG2.SRSF1.2
XX
NA  HepG2.SRSF1.2
XX
DE  N=543, Consensus=NNATGGACCNN, Score=184.647352712737
P0  A  C  G  T
01  166  130  121  126  N
02  79  210  139  115  N
03  269  187  33  54  A
04  21  4  14  504  T
05  0  8  531  4  G
06  12  0  526  5  G
07  528  9  0  6  A
08  11  476  42  14  C
09  29  463  27  24  C
10  114  147  113  169  N
11  67  136  276  64  N
XX
IC  0.008 0.084 0.388 1.526 1.823 1.768 1.787 1.294 1.160 0.018 0.263
XX
XL
00  23
01  33
02  95
03  297
04  3
05  22
06  1
07  3
08  17
09  35
10  14
XX
//
