AC  HepG2.BUD13.3
XX
TY  Motif
XX
ID  HepG2.BUD13.3
XX
NA  HepG2.BUD13.3
XX
DE  N=805, Consensus=NNTTTCAGGNN, Score=199.112895767621
P0  A  C  G  T
01  122  188  125  370  N
02  103  153  110  439  N
03  18  29  17  741  T
04  0  37  13  755  T
05  39  77  90  599  T
06  35  658  53  59  C
07  744  12  9  40  A
08  28  0  753  24  G
09  75  32  664  34  G
10  195  172  180  258  N
11  225  204  202  174  N
XX
IC  0.162 0.293 1.474 1.610 0.791 1.028 1.514 1.588 1.071 0.017 0.003
XX
XL
00  92
01  229
02  101
03  135
04  55
05  7
06  19
07  106
08  20
09  14
10  27
XX
//
