AC  HepG2.U2AF1.5
XX
TY  Motif
XX
ID  HepG2.U2AF1.5
XX
NA  HepG2.U2AF1.5
XX
DE  N=3626, Consensus=NNTTTCTCCNN, Score=461.559062394906
P0  A  C  G  T
01  431  969  383  1843  N
02  342  986  280  2018  N
03  47  173  24  3382  T
04  16  176  50  3384  T
05  35  366  72  3153  T
06  71  2664  122  769  C
07  62  389  0  3175  T
08  46  3167  96  317  C
09  93  3206  11  316  C
10  731  1598  181  1116  N
11  576  1341  615  1094  N
XX
IC  0.287 0.411 1.567 1.575 1.313 0.922 1.386 1.303 1.375 0.274 0.091
XX
XL
00  115
01  647
02  799
03  966
04  249
05  177
06  98
07  53
08  78
09  221
10  223
XX
//
