AC  HepG2.U2AF2.3
XX
TY  Motif
XX
ID  HepG2.U2AF2.3
XX
NA  HepG2.U2AF2.3
XX
DE  N=7663, Consensus=NNTTCTTCCNN, Score=683.945644427203
P0  A  C  G  T
01  987  2063  754  3859  N
02  780  1961  476  4446  N
03  100  360  89  7114  T
04  103  777  360  6423  T
05  150  6045  209  1259  C
06  99  839  0  6725  T
07  63  588  136  6876  T
08  114  6645  174  730  C
09  137  7073  0  453  C
10  1385  2934  157  3187  N
11  1219  2543  1021  2880  N
XX
IC  0.282 0.456 1.537 1.161 1.049 1.404 1.415 1.284 1.548 0.382 0.132
XX
XL
00  390
01  1627
02  2115
03  387
04  415
05  1595
06  230
07  54
08  133
09  333
10  384
XX
//
