AC  HepG2.AGGF1.2
XX
TY  Motif
XX
ID  HepG2.AGGF1.2
XX
NA  HepG2.AGGF1.2
XX
DE  N=516, Consensus=NNAAAGAAGNN,NNAATGAAGNN, Score=133.597442366692
P0  A  C  G  T
01  158  66  120  172  N
02  163  57  146  150  N
03  407  15  60  34  A
04  460  14  21  21  A
05  263  0  32  221  A
06  36  13  436  31  G
07  469  21  18  8  A
08  469  0  26  21  A
09  50  14  409  43  G
10  161  92  156  107  N
11  185  77  104  150  N
XX
IC  0.076 0.086 0.958 1.331 0.728 1.145 1.421 1.465 0.964 0.036 0.072
XX
XL
00  51
01  77
02  49
03  14
04  86
05  47
06  22
07  21
08  45
09  43
10  61
XX
//
