AC  HepG2.HNRNPA1.3
XX
TY  Motif
XX
ID  HepG2.HNRNPA1.3
XX
NA  HepG2.HNRNPA1.3
XX
DE  N=20140, Consensus=NNAGGGAGANN, Score=1356.04060035368
P0  A  C  G  T
01  4979  3263  6284  5614  N
02  3637  6193  4582  5728  N
03  20140  0  0  0  A
04  1088  0  18971  81  G
05  399  0  19536  205  G
06  1893  544  17316  387  G
07  20073  0  0  67  A
08  163  166  19811  0  G
09  10086  3052  4626  2376  A
10  5580  4385  6473  3702  N
11  7668  3120  6429  2923  N
XX
IC  0.038 0.029 2.000 1.659 1.778 1.242 1.968 1.863 0.236 0.032 0.123
XX
XL
00  1484
01  226
02  4
03  16
04  18030
05  43
06  3
07  2
08  54
09  51
10  227
XX
//
