AC  HepG2.U2AF2.6
XX
TY  Motif
XX
ID  HepG2.U2AF2.6
XX
NA  HepG2.U2AF2.6
XX
DE  N=598, Consensus=NNTTCACAGNN, Score=198.058374671449
P0  A  C  G  T
01  87  88  46  377  N
02  55  86  22  435  N
03  0  10  4  584  T
04  6  15  11  566  T
05  42  394  24  138  C
06  463  72  0  63  A
07  14  539  17  28  C
08  560  5  0  33  A
09  8  27  524  39  G
10  111  154  177  156  N
11  119  143  123  213  N
XX
IC  0.481 0.768 1.816 1.615 0.656 1.001 1.382 1.619 1.287 0.016 0.040
XX
XL
00  144
01  167
02  159
03  9
04  10
05  3
06  4
07  2
08  15
09  39
10  46
XX
//
