AC  HepG2.U2AF1.3
XX
TY  Motif
XX
ID  HepG2.U2AF1.3
XX
NA  HepG2.U2AF1.3
XX
DE  N=422, Consensus=NNTCTAGGTNN, Score=143.243335544431
P0  A  C  G  T
01  64  117  59  182  N
02  58  107  35  222  N
03  0  13  7  402  T
04  17  313  31  61  C
05  12  21  3  386  T
06  372  6  9  35  A
07  4  0  406  12  G
08  14  21  356  31  G
09  23  29  37  333  T
10  83  102  124  113  N
11  68  133  126  95  N
XX
IC  0.149 0.314 1.675 0.808 1.465 1.331 1.731 1.133 0.923 0.010 0.041
XX
XL
00  22
01  47
02  53
03  12
04  32
05  136
06  6
07  30
08  33
09  31
10  20
XX
//
