AC  HepG2.BCCIP.8
XX
TY  Motif
XX
ID  HepG2.BCCIP.8
XX
NA  HepG2.BCCIP.8
XX
DE  N=763, Consensus=NNAGGCAGGNN, Score=235.193043797186
P0  A  C  G  T
01  163  120  298  182  N
02  125  225  256  157  N
03  703  2  34  24  A
04  20  3  731  9  G
05  25  25  692  21  G
06  113  283  341  26  C
07  728  3  13  19  A
08  5  0  758  0  G
09  18  15  726  4  G
10  197  121  353  92  N
11  319  149  227  68  N
XX
IC  0.079 0.052 1.509 1.693 1.404 0.373 1.668 1.940 1.650 0.189 0.180
XX
XL
00  86
01  35
02  0
03  15
04  434
05  5
06  2
07  7
08  150
09  16
10  13
XX
//
