AC  HepG2.SFPQ.3
XX
TY  Motif
XX
ID  HepG2.SFPQ.3
XX
NA  HepG2.SFPQ.3
XX
DE  N=287, Consensus=NNTATTCCGNN, Score=153.699554581053
P0  A  C  G  T
01  73  48  43  123  N
02  65  74  56  92  N
03  20  31  21  215  T
04  176  19  80  12  A
05  0  0  0  287  T
06  19  0  19  249  T
07  1  286  0  0  C
08  5  269  0  13  C
09  4  2  271  10  G
10  47  65  20  155  N
11  37  139  43  68  N
XX
IC  0.124 0.017 0.790 0.595 1.992 1.296 1.959 1.601 1.610 0.332 0.202
XX
XL
00  2
01  0
02  13
03  0
04  244
05  5
06  0
07  3
08  3
09  14
10  3
XX
//
