AC  HepG2.BUD13.1
XX
TY  Motif
XX
ID  HepG2.BUD13.1
XX
NA  HepG2.BUD13.1
XX
DE  N=466, Consensus=NNGGTATGTNN, Score=169.385062302286
P0  A  C  G  T
01  128  152  106  80  N
02  222  35  108  101  N
03  7  2  441  16  G
04  4  5  448  9  G
05  11  9  3  443  T
06  403  12  31  20  A
07  115  29  62  260  T
08  10  11  428  17  G
09  21  12  30  403  T
10  71  80  227  88  N
11  82  137  130  117  N
XX
IC  0.034 0.238 1.628 1.702 1.642 1.223 0.391 1.462 1.222 0.186 0.021
XX
XL
00  7
01  17
02  310
03  4
04  10
05  9
06  29
07  7
08  29
09  13
10  31
XX
//
