AC  HepG2.RBM22.5
XX
TY  Motif
XX
ID  HepG2.RBM22.5
XX
NA  HepG2.RBM22.5
XX
DE  N=253, Consensus=NNGGTGAGTNN, Score=111.842613612269
P0  A  C  G  T
01  53  55  77  68  N
02  54  32  98  69  N
03  13  4  227  9  G
04  4  6  239  4  G
05  10  0  32  211  T
06  0  6  247  0  G
07  187  9  46  11  A
08  3  8  235  7  G
09  12  17  33  191  T
10  20  54  123  56  N
11  35  48  102  68  N
XX
IC  0.009 0.097 1.365 1.597 1.212 1.830 0.854 1.516 0.832 0.239 0.104
XX
XL
00  16
01  28
02  69
03  4
04  23
05  4
06  5
07  19
08  23
09  36
10  26
XX
//
