AC  HepG2.PRPF8.2
XX
TY  Motif
XX
ID  HepG2.PRPF8.2
XX
NA  HepG2.PRPF8.2
XX
DE  N=16048, Consensus=NNAGGTGAGNN, Score=1181.86382278942
P0  A  C  G  T
01  3892  4892  4705  2559  N
02  4714  6286  3702  1346  N
03  11745  1253  1435  1615  A
04  430  226  15098  294  G
05  0  0  16048  0  G
06  73  46  83  15846  T
07  2099  601  13238  110  G
08  13913  473  1313  349  A
09  202  240  15468  138  G
10  1937  3654  4439  6018  N
11  2953  4227  6813  2055  N
XX
IC  0.040 0.163 0.738 1.585 2.000 1.883 1.160 1.256 1.720 0.102 0.139
XX
XL
00  80
01  25
02  34
03  13789
04  1750
05  111
06  13
07  35
08  104
09  59
10  48
XX
//
