AC  HepG2.PTBP1.4
XX
TY  Motif
XX
ID  HepG2.PTBP1.4
XX
NA  HepG2.PTBP1.4
XX
DE  N=3564, Consensus=NNCTATCCTNN,NNCTTTCCTNN, Score=542.886032733405
P0  A  C  G  T
01  168  753  106  2537  N
02  149  874  103  2438  N
03  30  3041  0  493  C
04  16  293  2  3253  T
05  93  69  35  3367  A
06  12  49  5  3498  T
07  35  2735  74  720  C
08  62  2447  13  1042  C
09  19  148  0  3397  T
10  147  763  256  2398  N
11  241  1439  209  1675  N
XX
IC  0.818 0.788 1.351 1.542 1.609 1.847 1.059 0.977 1.703 0.676 0.456
XX
XL
00  147
01  88
02  293
03  333
04  855
05  196
06  180
07  168
08  475
09  570
10  259
XX
//
