AC  HepG2.U2AF2.2
XX
TY  Motif
XX
ID  HepG2.U2AF2.2
XX
NA  HepG2.U2AF2.2
XX
DE  N=312, Consensus=NNTCTAGGTNN, Score=131.749530948991
P0  A  C  G  T
01  54  57  32  169  N
02  37  50  19  206  N
03  2  7  0  303  T
04  13  219  19  61  C
05  5  15  0  292  T
06  242  2  6  62  A
07  3  0  298  11  G
08  13  15  253  31  G
09  19  7  7  279  T
10  45  66  57  144  N
11  30  90  60  132  N
XX
IC  0.291 0.564 1.782 0.737 1.598 1.089 1.695 1.015 1.357 0.153 0.168
XX
XL
00  40
01  41
02  29
03  9
04  48
05  7
06  8
07  17
08  39
09  47
10  27
XX
//
