AC  HepG2.SND1.8
XX
TY  Motif
XX
ID  HepG2.SND1.8
XX
NA  HepG2.SND1.8
XX
DE  N=120, Consensus=NNACTACCGNN, Score=76.6180891562631
P0  A  C  G  T
01  27  46  23  24  N
02  34  27  15  44  N
03  106  2  5  7  A
04  0  108  6  6  C
05  3  9  1  107  T
06  98  7  6  9  A
07  0  117  2  1  C
08  12  94  6  8  C
09  9  6  93  12  G
10  17  41  47  15  N
11  18  43  44  15  N
XX
IC  0.046 0.077 1.295 1.413 1.364 1.008 1.790 0.897 0.868 0.149 0.135
XX
XL
00  4
01  23
02  9
03  9
04  53
05  2
06  3
07  4
08  6
09  3
10  4
XX
//
