AC  HepG2.ILF3.6
XX
TY  Motif
XX
ID  HepG2.ILF3.6
XX
NA  HepG2.ILF3.6
XX
DE  N=301, Consensus=NNCCCTGGTNN, Score=116.179544095984
P0  A  C  G  T
01  49  92  55  105  N
02  61  56  78  106  N
03  9  247  29  16  C
04  6  283  4  8  C
05  18  265  3  15  C
06  45  0  20  236  T
07  11  2  273  15  G
08  8  23  255  15  G
09  11  13  20  257  T
10  42  57  102  100  N
11  34  95  85  87  N
XX
IC  0.066 0.040 1.057 1.575 1.306 1.048 1.427 1.152 1.168 0.085 0.080
XX
XL
00  65
01  7
02  3
03  3
04  13
05  64
06  16
07  6
08  54
09  20
10  50
XX
//
