AC  HepG2.U2AF2.9
XX
TY  Motif
XX
ID  HepG2.U2AF2.9
XX
NA  HepG2.U2AF2.9
XX
DE  N=629, Consensus=NNCTTCTAGNN, Score=191.712387822805
P0  A  C  G  T
01  79  118  49  383  N
02  57  107  59  406  N
03  20  474  16  119  C
04  0  10  1  618  T
05  4  10  2  613  T
06  25  528  13  63  C
07  6  66  0  557  T
08  490  4  19  116  A
09  19  35  523  52  G
10  86  181  206  156  N
11  121  186  81  241  N
XX
IC  0.445 0.520 0.942 1.862 1.793 1.151 1.436 1.067 1.093 0.061 0.108
XX
XL
00  168
01  69
02  27
03  141
04  55
05  15
06  65
07  5
08  12
09  32
10  40
XX
//
