AC  HepG2.SND1.0
XX
TY  Motif
XX
ID  HepG2.SND1.0
XX
NA  HepG2.SND1.0
XX
DE  N=146, Consensus=NNTACACGGNN, Score=91.8368350689021
P0  A  C  G  T
01  36  31  26  53  N
02  16  57  31  42  N
03  7  1  4  134  T
04  110  14  6  16  A
05  3  141  0  2  C
06  129  7  5  5  A
07  15  113  11  7  C
08  8  7  126  5  G
09  2  5  134  5  G
10  34  33  45  34  N
11  26  53  49  18  N
XX
IC  0.038 0.114 1.470 0.814 1.737 1.284 0.871 1.195 1.453 0.000 0.110
XX
XL
00  12
01  18
02  97
03  1
04  2
05  4
06  1
07  0
08  5
09  6
10  0
XX
//
