AC  HepG2.SUGP2.0
XX
TY  Motif
XX
ID  HepG2.SUGP2.0
XX
NA  HepG2.SUGP2.0
XX
DE  N=673, Consensus=NNGGCTTTCNN, Score=194.628488768046
P0  A  C  G  T
01  115  147  98  313  N
02  170  54  160  289  N
03  29  7  566  71  G
04  22  22  561  68  G
05  16  509  63  85  C
06  6  7  0  660  T
07  5  2  6  660  T
08  6  13  5  649  T
09  20  475  61  117  C
10  145  135  69  324  N
11  133  198  122  220  N
XX
IC  0.163 0.187 1.180 1.121 0.867 1.840 1.831 1.723 0.738 0.210 0.041
XX
XL
00  50
01  30
02  7
03  4
04  9
05  39
06  312
07  92
08  28
09  48
10  54
XX
//
