AC  HepG2.LIN28B.5
XX
TY  Motif
XX
ID  HepG2.LIN28B.5
XX
NA  HepG2.LIN28B.5
XX
DE  N=703, Consensus=NNGAGATATNN, Score=194.165042668395
P0  A  C  G  T
01  167  236  139  161  N
02  215  109  185  194  N
03  64  21  607  11  G
04  629  5  17  52  A
05  37  6  638  22  G
06  673  6  4  20  A
07  23  8  53  619  T
08  573  23  52  55  A
09  51  45  77  530  T
10  136  183  180  204  N
11  175  155  205  168  N
XX
IC  0.026 0.038 1.254 1.395 1.431 1.690 1.319 1.030 0.812 0.012 0.005
XX
XL
00  15
01  31
02  10
03  0
04  6
05  1
06  410
07  11
08  142
09  25
10  52
XX
//
