AC  HepG2.PTBP1.1
XX
TY  Motif
XX
ID  HepG2.PTBP1.1
XX
NA  HepG2.PTBP1.1
XX
DE  N=4097, Consensus=NNTCTCTCTNN, Score=595.06627757784
P0  A  C  G  T
01  142  690  72  3193  N
02  109  1506  146  2336  N
03  0  63  7  4027  T
04  27  3190  89  791  C
05  27  84  0  3986  T
06  31  2654  144  1268  C
07  33  98  4  3962  T
08  17  3443  74  563  C
09  37  113  4  3943  T
10  201  1700  347  1849  N
11  313  865  185  2734  N
XX
IC  1.016 0.696 1.867 1.093 1.798 0.847 1.758 1.258 1.732 0.440 0.651
XX
XL
00  188
01  547
02  193
03  569
04  107
05  567
06  206
07  505
08  184
09  808
10  223
XX
//
