AC  HepG2.DDX3X.3
XX
TY  Motif
XX
ID  HepG2.DDX3X.3
XX
NA  HepG2.DDX3X.3
XX
DE  N=403, Consensus=NNCGGCCGCNN, Score=146.143414346955
P0  A  C  G  T
01  30  136  113  124  N
02  31  78  200  94  N
03  9  303  48  43  C
04  16  39  305  43  G
05  0  30  367  6  G
06  2  379  14  8  C
07  8  318  59  18  C
08  5  12  379  7  G
09  3  384  12  4  C
10  28  129  151  95  N
11  16  106  224  57  N
XX
IC  0.149 0.260 0.853 0.835 1.502 1.593 1.007 1.580 1.659 0.179 0.433
XX
XL
00  91
01  75
02  44
03  28
04  10
05  8
06  32
07  7
08  11
09  51
10  46
XX
//
