AC  HepG2.CSTF2T.3
XX
TY  Motif
XX
ID  HepG2.CSTF2T.3
XX
NA  HepG2.CSTF2T.3
XX
DE  N=4739, Consensus=NNGGAGAGGNN, Score=550.258716388958
P0  A  C  G  T
01  1507  584  1770  878  N
02  620  294  2938  887  N
03  110  0  4586  43  G
04  107  103  4503  26  G
05  3074  55  1446  164  A
06  87  136  4484  32  G
07  3430  153  911  245  A
08  165  69  4363  142  G
09  169  130  4380  60  G
10  991  845  2512  391  N
11  1191  971  1987  590  N
XX
IC  0.120 0.487 1.766 1.645 0.829 1.622 0.824 1.481 1.501 0.302 0.130
XX
XL
00  305
01  271
02  2159
03  263
04  225
05  50
06  205
07  268
08  741
09  170
10  82
XX
//
