AC  HepG2.PPIG.2
XX
TY  Motif
XX
ID  HepG2.PPIG.2
XX
NA  HepG2.PPIG.2
XX
DE  N=519, Consensus=NNGTGAGTANN, Score=172.117996264769
P0  A  C  G  T
01  145  140  113  121  N
02  111  67  227  114  N
03  17  13  479  10  G
04  16  3  10  490  T
05  6  6  502  5  G
06  498  0  12  9  A
07  12  5  491  11  G
08  33  49  72  365  T
09  317  50  123  29  A
10  85  145  174  115  N
11  72  173  200  74  N
XX
IC  0.003 0.137 1.484 1.610 1.736 1.712 1.612 0.669 0.511 0.044 0.141
XX
XL
00  26
01  235
02  3
03  125
04  3
05  4
06  3
07  71
08  9
09  24
10  16
XX
//
