AC  HepG2.SRSF9.1
XX
TY  Motif
XX
ID  HepG2.SRSF9.1
XX
NA  HepG2.SRSF9.1
XX
DE  N=1076, Consensus=NNCTGGACTNN,NNCTGGACCNN, Score=248.34999674098
P0  A  C  G  T
01  294  235  210  337  N
02  257  230  282  307  N
03  36  947  43  50  C
04  41  13  9  1013  T
05  7  0  1063  6  G
06  5  13  1050  8  G
07  1014  21  24  17  A
08  118  638  238  82  C
09  84  597  62  333  T
10  177  298  356  245  N
11  143  291  513  129  N
XX
IC  0.023 0.006 1.280 1.602 1.892 1.798 1.590 0.437 0.478 0.043 0.224
XX
XL
00  48
01  27
02  65
03  683
04  3
05  3
06  0
07  27
08  118
09  71
10  31
XX
//
