AC  HepG2.SRSF7.4
XX
TY  Motif
XX
ID  HepG2.SRSF7.4
XX
NA  HepG2.SRSF7.4
XX
DE  N=1028, Consensus=NNTGAGTGTNN, Score=367.701404444706
P0  A  C  G  T
01  62  84  69  813  N
02  103  72  808  45  N
03  14  3  7  1004  T
04  0  0  1028  0  G
05  172  48  45  763  A
06  20  5  1003  0  G
07  22  0  0  1006  T
08  0  0  1026  2  G
09  14  11  0  1003  T
10  83  45  841  59  N
11  82  113  126  707  N
XX
IC  0.929 0.926 1.807 1.998 0.843 1.815 1.849 1.978 1.809 1.034 0.614
XX
XL
00  129
01  1
02  151
03  1
04  70
05  3
06  222
07  1
08  189
09  1
10  260
XX
//
