AC  HepG2.LARP4.8
XX
TY  Motif
XX
ID  HepG2.LARP4.8
XX
NA  HepG2.LARP4.8
XX
DE  N=169, Consensus=NNTATGCTCNN, Score=94.2418063183537
P0  A  C  G  T
01  40  28  30  71  N
02  30  50  30  59  N
03  6  3  4  156  T
04  110  16  16  27  A
05  0  0  2  167  T
06  10  4  138  17  G
07  6  152  2  9  C
08  2  7  1  159  T
09  4  144  13  8  C
10  44  44  12  69  N
11  34  33  40  62  N
XX
IC  0.097 0.052 1.479 0.517 1.894 1.046 1.378 1.595 1.170 0.178 0.039
XX
XL
00  5
01  8
02  52
03  5
04  61
05  4
06  7
07  3
08  3
09  10
10  11
XX
//
