AC  HepG2.EIF3D.8
XX
TY  Motif
XX
ID  HepG2.EIF3D.8
XX
NA  HepG2.EIF3D.8
XX
DE  N=157, Consensus=NNCGAGATTNN, Score=93.3715969939205
P0  A  C  G  T
01  32  34  48  43  N
02  34  40  35  48  N
03  22  95  17  23  C
04  14  20  111  12  G
05  149  3  5  0  A
06  3  3  151  0  G
07  137  6  4  10  A
08  6  0  0  151  T
09  0  3  1  153  T
10  18  21  51  67  N
11  29  38  28  62  N
XX
IC  0.006 0.000 0.397 0.659 1.647 1.714 1.247 1.752 1.794 0.189 0.068
XX
XL
00  3
01  4
02  9
03  1
04  0
05  1
06  2
07  15
08  72
09  28
10  22
XX
//
