AC  HepG2.LSM11.7
XX
TY  Motif
XX
ID  HepG2.LSM11.7
XX
NA  HepG2.LSM11.7
XX
DE  N=139, Consensus=NNGTCATCANN, Score=79.8433105620522
P0  A  C  G  T
01  40  19  24  56  N
02  18  19  37  65  N
03  13  4  107  15  G
04  11  7  6  115  T
05  3  127  4  5  C
06  120  6  0  13  A
07  5  5  4  125  T
08  0  134  5  0  C
09  117  7  4  11  A
10  29  28  37  45  N
11  18  46  38  37  N
XX
IC  0.109 0.189 0.880 1.056 1.426 1.286 1.354 1.761 1.121 0.012 0.055
XX
XL
00  18
01  12
02  5
03  27
04  3
05  6
06  24
07  2
08  6
09  14
10  22
XX
//
