AC  HepG2.LSM11.1
XX
TY  Motif
XX
ID  HepG2.LSM11.1
XX
NA  HepG2.LSM11.1
XX
DE  N=164, Consensus=NNCTGTAACNN, Score=86.1172126903496
P0  A  C  G  T
01  44  31  24  65  N
02  37  42  19  66  N
03  1  144  5  14  C
04  4  0  0  160  T
05  6  3  140  15  G
06  7  6  16  135  T
07  127  13  16  8  A
08  135  12  8  9  A
09  8  148  2  6  C
10  44  49  13  58  N
11  39  33  41  51  N
XX
IC  0.088 0.110 1.321 1.821 1.196 1.059 0.871 1.037 1.388 0.137 0.005
XX
XL
00  12
01  12
02  8
03  51
04  11
05  18
06  4
07  2
08  1
09  20
10  25
XX
//
