AC  HepG2.XRN2.2
XX
TY  Motif
XX
ID  HepG2.XRN2.2
XX
NA  HepG2.XRN2.2
XX
DE  N=1030, Consensus=NNGGGCCCCNN,NNGGGTCCCNN, Score=187.383534390976
P0  A  C  G  T
01  126  339  358  207  N
02  175  207  352  296  N
03  49  43  873  65  G
04  65  64  842  59  G
05  39  74  880  37  G
06  30  642  45  313  C
07  33  883  64  50  C
08  27  925  44  34  C
09  33  905  62  30  C
10  183  358  301  188  N
11  143  345  435  107  N
XX
IC  0.104 0.052 1.144 1.023 1.180 0.705 1.187 1.364 1.282 0.059 0.209
XX
XL
00  137
01  135
02  128
03  98
04  123
05  88
06  98
07  67
08  57
09  53
10  46
XX
//
