AC  HepG2.FAM120A.7
XX
TY  Motif
XX
ID  HepG2.FAM120A.7
XX
NA  HepG2.FAM120A.7
XX
DE  N=1597, Consensus=NNCGTGGGGNN, Score=364.528740588723
P0  A  C  G  T
01  179  141  1016  261  N
02  165  150  1107  175  N
03  154  348  880  215  C
04  9  45  1510  33  G
05  12  53  99  1433  T
06  0  0  1592  5  G
07  0  0  1594  3  G
08  4  0  1593  0  G
09  0  0  1582  15  G
10  396  231  712  258  N
11  314  289  733  261  N
XX
IC  0.493 0.624 0.331 1.619 1.394 1.968 1.979 1.973 1.922 0.152 0.148
XX
XL
00  138
01  46
02  100
03  44
04  33
05  333
06  384
07  350
08  56
09  55
10  58
XX
//
