AC  HepG2.LARP4.7
XX
TY  Motif
XX
ID  HepG2.LARP4.7
XX
NA  HepG2.LARP4.7
XX
DE  N=175, Consensus=NNCTGCTATNN, Score=89.4332636609873
P0  A  C  G  T
01  29  33  31  82  N
02  45  31  40  59  N
03  5  146  4  20  C
04  6  0  1  168  T
05  6  5  153  11  G
06  4  163  5  3  C
07  5  11  0  159  T
08  110  21  17  27  A
09  3  6  8  158  T
10  24  29  56  66  N
11  36  45  41  53  N
XX
IC  0.149 0.026 1.141 1.722 1.254 1.520 1.464 0.457 1.384 0.108 0.002
XX
XL
00  15
01  13
02  2
03  31
04  3
05  0
06  24
07  18
08  28
09  25
10  16
XX
//
