AC  HepG2.PCBP2.4
XX
TY  Motif
XX
ID  HepG2.PCBP2.4
XX
NA  HepG2.PCBP2.4
XX
DE  N=2227, Consensus=NNCCCCTTCNN, Score=409.674780965079
P0  A  C  G  T
01  223  996  164  844  N
02  191  860  137  1039  N
03  41  1776  28  382  C
04  43  1992  8  184  C
05  39  2026  7  155  C
06  39  1933  7  248  C
07  48  131  20  2028  T
08  25  265  38  1899  T
09  12  2015  25  175  C
10  127  1451  32  617  N
11  153  1268  74  732  N
XX
IC  0.340 0.404 1.117 1.419 1.479 1.341 1.455 1.265 1.467 0.760 0.580
XX
XL
00  205
01  159
02  18
03  12
04  17
05  151
06  1016
07  259
08  67
09  114
10  209
XX
//
