AC  HepG2.UCHL5.1
XX
TY  Motif
XX
ID  HepG2.UCHL5.1
XX
NA  HepG2.UCHL5.1
XX
DE  N=484, Consensus=NNTGGACCANN, Score=160.163426802534
P0  A  C  G  T
01  90  133  98  163  N
02  76  167  87  154  N
03  9  3  24  448  T
04  6  13  433  32  G
05  22  12  432  18  G
06  422  15  31  16  A
07  30  397  38  19  C
08  30  424  21  9  C
09  383  28  25  48  A
10  61  97  229  97  N
11  82  176  158  68  N
XX
IC  0.037 0.076 1.525 1.374 1.338 1.251 1.041 1.276 0.939 0.179 0.106
XX
XL
00  52
01  43
02  280
03  21
04  14
05  1
06  2
07  7
08  6
09  41
10  17
XX
//
