AC  HepG2.SRSF7.0
XX
TY  Motif
XX
ID  HepG2.SRSF7.0
XX
NA  HepG2.SRSF7.0
XX
DE  N=448, Consensus=NNATGAGTGNN, Score=197.881249546925
P0  A  C  G  T
01  60  14  341  33  N
02  130  100  45  173  N
03  332  17  96  3  A
04  0  0  0  448  T
05  0  9  439  0  G
06  287  25  20  116  A
07  78  7  356  7  G
08  8  0  18  422  T
09  2  1  443  2  G
10  93  87  102  166  N
11  81  52  259  56  N
XX
IC  0.874 0.131 0.971 1.995 1.853 0.646 1.105 1.624 1.890 0.048 0.356
XX
XL
00  5
01  23
02  1
03  166
04  1
05  5
06  1
07  241
08  3
09  2
10  0
XX
//
