AC  HepG2.SF3B4.5
XX
TY  Motif
XX
ID  HepG2.SF3B4.5
XX
NA  HepG2.SF3B4.5
XX
DE  N=676, Consensus=NNCTTTCAGNN,NNCTTGCAGNN, Score=154.137079230835
P0  A  C  G  T
01  117  161  179  219  N
02  98  210  178  190  N
03  29  576  20  51  C
04  24  92  10  550  T
05  13  27  52  584  T
06  8  33  341  294  T
07  29  568  48  31  C
08  553  17  13  93  A
09  13  23  626  14  G
10  135  166  244  131  N
11  123  202  212  139  N
XX
IC  0.031 0.047 1.174 1.102 1.235 0.688 1.116 1.123 1.503 0.046 0.035
XX
XL
00  31
01  27
02  31
03  42
04  149
05  69
06  181
07  37
08  11
09  56
10  42
XX
//
