AC  HepG2.DDX3X.4
XX
TY  Motif
XX
ID  HepG2.DDX3X.4
XX
NA  HepG2.DDX3X.4
XX
DE  N=348, Consensus=NNCGCGGCCNN, Score=127.290672971693
P0  A  C  G  T
01  53  76  113  106  N
02  21  124  121  82  N
03  10  289  27  22  C
04  4  26  309  9  G
05  8  302  24  14  C
06  16  46  262  24  G
07  2  14  320  12  G
08  0  324  21  3  C
09  9  301  22  16  C
10  42  95  125  86  N
11  23  115  124  86  N
XX
IC  0.052 0.198 1.086 1.351 1.239 0.829 1.486 1.594 1.220 0.085 0.178
XX
XL
00  103
01  25
02  23
03  14
04  22
05  20
06  9
07  5
08  18
09  44
10  65
XX
//
