AC  HepG2.BUD13.0
XX
TY  Motif
XX
ID  HepG2.BUD13.0
XX
NA  HepG2.BUD13.0
XX
DE  N=1510, Consensus=NNCAGGTGANN,NNCAGGTAANN, Score=328.541224189541
P0  A  C  G  T
01  384  400  341  385  N
02  376  415  455  264  N
03  279  979  202  50  C
04  1365  27  54  64  A
05  33  14  1453  10  G
06  20  17  1473  0  G
07  6  18  24  1462  T
08  633  43  825  9  G
09  1185  129  125  71  A
10  113  146  1121  130  N
11  193  379  484  454  N
XX
IC  0.001 0.026 0.592 1.398 1.714 1.808 1.751 0.806 0.916 0.769 0.071
XX
XL
00  35
01  12
02  9
03  21
04  1265
05  8
06  59
07  12
08  13
09  35
10  41
XX
//
