AC  HepG2.TAF15.0
XX
TY  Motif
XX
ID  HepG2.TAF15.0
XX
NA  HepG2.TAF15.0
XX
DE  N=241, Consensus=NNAGGGCAANN, Score=133.328788242259
P0  A  C  G  T
01  26  11  184  20  N
02  48  18  158  17  N
03  224  0  9  8  A
04  7  1  229  4  G
05  5  0  235  1  G
06  9  6  218  8  G
07  30  167  34  10  C
08  225  7  3  6  A
09  162  9  57  13  A
10  48  32  131  30  N
11  58  36  116  31  N
XX
IC  0.846 0.579 1.553 1.642 1.807 1.387 0.661 1.539 0.710 0.288 0.198
XX
XL
00  116
01  15
02  5
03  4
04  11
05  19
06  1
07  1
08  2
09  36
10  31
XX
//
