AC  HepG2.HNRNPU.9
XX
TY  Motif
XX
ID  HepG2.HNRNPU.9
XX
NA  HepG2.HNRNPU.9
XX
DE  N=436, Consensus=NNAGGCCAGNN, Score=158.869069704337
P0  A  C  G  T
01  63  64  206  103  N
02  98  61  165  112  N
03  408  0  20  8  A
04  35  0  392  9  G
05  34  24  357  21  G
06  33  321  51  31  C
07  33  373  13  17  C
08  411  1  7  17  A
09  12  12  402  10  G
10  70  65  234  67  N
11  114  78  183  61  N
XX
IC  0.183 0.080 1.596 1.449 1.031 0.755 1.187 1.616 1.477 0.265 0.122
XX
XL
00  139
01  114
02  4
03  2
04  3
05  2
06  21
07  2
08  5
09  116
10  28
XX
//
