AC  HepG2.XPO5.1
XX
TY  Motif
XX
ID  HepG2.XPO5.1
XX
NA  HepG2.XPO5.1
XX
DE  N=168, Consensus=NNAGGCTTCNN, Score=87.6356173353836
P0  A  C  G  T
01  31  44  56  37  N
02  30  58  60  20  N
03  125  6  13  24  A
04  5  2  152  9  G
05  1  14  146  7  G
06  2  157  2  7  C
07  6  12  0  150  T
08  3  12  17  136  T
09  4  149  10  5  C
10  35  47  24  62  N
11  12  52  70  34  N
XX
IC  0.022 0.118 0.811 1.403 1.277 1.553 1.397 1.030 1.312 0.070 0.199
XX
XL
00  13
01  10
02  13
03  7
04  2
05  6
06  42
07  26
08  2
09  24
10  23
XX
//
