AC  HepG2.PCBP2.0
XX
TY  Motif
XX
ID  HepG2.PCBP2.0
XX
NA  HepG2.PCBP2.0
XX
DE  N=803, Consensus=NNATCCCTCNN, Score=275.573484260248
P0  A  C  G  T
01  57  438  46  262  N
02  35  425  31  312  N
03  195  274  16  318  A
04  4  11  0  788  T
05  0  786  0  17  C
06  0  796  0  7  C
07  5  773  0  25  C
08  7  21  0  775  T
09  4  738  9  52  C
10  62  483  5  253  N
11  43  464  31  265  N
XX
IC  0.486 0.603 0.330 1.848 1.849 1.925 1.743 1.751 1.519 0.700 0.605
XX
XL
00  85
01  91
02  305
03  36
04  6
05  3
06  38
07  46
08  44
09  60
10  89
XX
//
