AC  HepG2.HNRNPK.7
XX
TY  Motif
XX
ID  HepG2.HNRNPK.7
XX
NA  HepG2.HNRNPK.7
XX
DE  N=515, Consensus=NNCCCCAGTNN, Score=179.67349071262
P0  A  C  G  T
01  63  148  81  223  N
02  63  86  63  303  N
03  3  457  9  46  C
04  5  494  0  16  C
05  10  498  0  7  C
06  17  480  8  10  C
07  421  29  8  57  A
08  11  65  374  65  G
09  25  59  32  399  T
10  37  279  91  108  N
11  59  303  47  106  N
XX
IC  0.165 0.373 1.386 1.718 1.754 1.535 1.080 0.788 0.892 0.329 0.403
XX
XL
00  210
01  37
02  0
03  1
04  0
05  15
06  21
07  83
08  83
09  30
10  35
XX
//
