AC  HepG2.EIF3D.2
XX
TY  Motif
XX
ID  HepG2.EIF3D.2
XX
NA  HepG2.EIF3D.2
XX
DE  N=234, Consensus=NNGTCAGCCNN, Score=103.947293884345
P0  A  C  G  T
01  45  38  39  112  N
02  39  39  77  79  N
03  9  13  187  25  G
04  7  21  18  188  T
05  8  204  18  4  C
06  203  10  3  18  A
07  6  10  206  12  G
08  3  211  12  8  C
09  8  215  4  7  C
10  53  74  37  70  N
11  24  79  84  47  N
XX
IC  0.168 0.073 0.975 0.989 1.267 1.253 1.279 1.389 1.460 0.039 0.129
XX
XL
00  77
01  35
02  14
03  48
04  3
05  10
06  8
07  2
08  3
09  19
10  15
XX
//
