AC  HepG2.SRSF7.6
XX
TY  Motif
XX
ID  HepG2.SRSF7.6
XX
NA  HepG2.SRSF7.6
XX
DE  N=184, Consensus=NNTGAGATCNN, Score=98.5985185857624
P0  A  C  G  T
01  41  48  33  62  N
02  43  59  38  44  N
03  6  18  5  155  T
04  4  16  161  3  G
05  176  1  3  4  A
06  2  27  155  0  G
07  165  7  5  7  A
08  11  18  13  142  T
09  0  167  12  5  C
10  36  50  44  54  N
11  24  30  39  91  N
XX
IC  0.026 0.008 1.149 1.296 1.669 1.303 1.347 0.859 1.463 0.004 0.202
XX
XL
00  20
01  14
02  52
03  0
04  0
05  3
06  1
07  30
08  3
09  3
10  58
XX
//
