AC  HepG2.XRCC6.2
XX
TY  Motif
XX
ID  HepG2.XRCC6.2
XX
NA  HepG2.XRCC6.2
XX
DE  N=183, Consensus=NNTGCTCTGNN, Score=100.221372105304
P0  A  C  G  T
01  14  70  39  60  N
02  14  49  33  87  N
03  3  1  4  175  T
04  0  3  167  13  G
05  4  154  15  10  C
06  5  9  2  167  T
07  21  115  37  10  C
08  13  3  2  165  T
09  0  0  174  9  G
10  23  43  45  72  N
11  25  34  42  82  N
XX
IC  0.171 0.240 1.668 1.499 1.133 1.441 0.513 1.414 1.705 0.094 0.138
XX
XL
00  30
01  15
02  52
03  3
04  2
05  14
06  3
07  27
08  3
09  12
10  22
XX
//
