AC  HepG2.FAM120A.6
XX
TY  Motif
XX
ID  HepG2.FAM120A.6
XX
NA  HepG2.FAM120A.6
XX
DE  N=2200, Consensus=NNGAGGGGANN, Score=386.898194152762
P0  A  C  G  T
01  256  205  1449  290  N
02  254  137  1500  309  N
03  36  35  2121  8  G
04  1488  165  204  343  A
05  97  13  2050  40  G
06  54  3  2117  26  G
07  76  11  2060  53  G
08  111  63  2012  14  G
09  1609  161  301  129  A
10  357  329  1265  249  N
11  355  315  1350  180  N
XX
IC  0.537 0.616 1.727 0.601 1.557 1.726 1.575 1.471 0.760 0.349 0.445
XX
XL
00  103
01  283
02  117
03  36
04  361
05  372
06  567
07  82
08  16
09  30
10  233
XX
//
