AC  HepG2.DDX59.7
XX
TY  Motif
XX
ID  HepG2.DDX59.7
XX
NA  HepG2.DDX59.7
XX
DE  N=123, Consensus=NNGACCCCTNN, Score=79.3701985227519
P0  A  C  G  T
01  13  58  23  29  N
02  18  25  32  48  N
03  6  21  92  4  G
04  87  15  10  11  A
05  2  113  5  3  C
06  4  118  0  1  C
07  3  117  1  2  C
08  1  113  2  7  C
09  2  12  4  105  T
10  14  30  37  42  N
11  14  43  22  44  N
XX
IC  0.185 0.074 0.860 0.653 1.455 1.708 1.630 1.482 1.203 0.078 0.121
XX
XL
00  19
01  20
02  10
03  0
04  0
05  1
06  5
07  3
08  23
09  31
10  11
XX
//
