AC  HepG2.HNRNPA1.4
XX
TY  Motif
XX
ID  HepG2.HNRNPA1.4
XX
NA  HepG2.HNRNPA1.4
XX
DE  N=6958, Consensus=NNAGGTAGCNN, Score=807.463638149463
P0  A  C  G  T
01  1712  1043  2155  2048  N
02  1224  2246  1767  1721  N
03  6958  0  0  0  A
04  0  0  6958  0  G
05  65  64  6634  195  G
06  1796  351  3052  1759  T
07  6958  0  0  0  A
08  0  0  6958  0  G
09  387  5851  476  244  C
10  2490  1834  891  1743  N
11  2303  930  2736  989  N
XX
IC  0.048 0.031 2.000 2.000 1.664 0.255 2.000 2.000 1.123 0.082 0.154
XX
XL
00  662
01  29
02  0
03  2
04  5913
05  88
06  0
07  2
08  209
09  29
10  24
XX
//
