AC  HepG2.DDX59.5
XX
TY  Motif
XX
ID  HepG2.DDX59.5
XX
NA  HepG2.DDX59.5
XX
DE  N=194, Consensus=NNACCCCTTNN, Score=110.549453951834
P0  A  C  G  T
01  29  87  32  46  N
02  40  83  28  43  N
03  108  32  15  39  A
04  1  179  7  7  C
05  4  186  0  4  C
06  2  180  0  12  C
07  3  187  2  2  C
08  6  19  6  163  T
09  0  4  12  178  T
10  16  60  31  87  N
11  15  90  26  63  N
XX
IC  0.139 0.110 0.339 1.497 1.700 1.572 1.709 1.139 1.511 0.227 0.274
XX
XL
00  9
01  10
02  1
03  1
04  0
05  1
06  6
07  46
08  81
09  29
10  10
XX
//
