AC  HepG2.TAF15.6
XX
TY  Motif
XX
ID  HepG2.TAF15.6
XX
NA  HepG2.TAF15.6
XX
DE  N=229, Consensus=NNGTCAGGTNN, Score=123.786467836824
P0  A  C  G  T
01  55  29  65  80  N
02  59  6  87  77  N
03  2  3  217  7  G
04  10  5  15  199  T
05  4  201  16  8  C
06  224  0  0  5  A
07  8  0  216  5  G
08  3  4  207  15  G
09  14  11  93  111  T
10  130  23  35  41  N
11  28  17  138  46  N
XX
IC  0.073 0.290 1.621 1.239 1.286 1.839 1.622 1.417 0.499 0.335 0.436
XX
XL
00  50
01  9
02  6
03  6
04  6
05  3
06  1
07  108
08  13
09  14
10  13
XX
//
