AC  HepG2.SF3B4.3
XX
TY  Motif
XX
ID  HepG2.SF3B4.3
XX
NA  HepG2.SF3B4.3
XX
DE  N=417, Consensus=NNCTGACTCNN, Score=137.372093925557
P0  A  C  G  T
01  59  133  101  124  N
02  61  138  105  113  N
03  11  375  16  15  C
04  12  8  4  393  T
05  3  17  385  12  G
06  287  63  36  31  A
07  3  371  35  8  C
08  12  50  5  350  T
09  4  366  32  15  C
10  73  145  51  148  N
11  46  127  154  90  N
XX
IC  0.054 0.050 1.366 1.593 1.502 0.628 1.384 1.192 1.309 0.124 0.113
XX
XL
00  49
01  37
02  17
03  116
04  11
05  7
06  37
07  41
08  25
09  45
10  32
XX
//
