AC  HepG2.HNRNPK.5
XX
TY  Motif
XX
ID  HepG2.HNRNPK.5
XX
NA  HepG2.HNRNPK.5
XX
DE  N=747, Consensus=NNAGTCCCCNN, Score=205.110186287187
P0  A  C  G  T
01  93  339  71  244  N
02  131  343  111  162  N
03  450  57  26  214  A
04  26  48  576  97  G
05  18  27  15  687  T
06  6  689  6  46  C
07  25  713  0  9  C
08  4  734  0  9  C
09  29  669  9  40  C
10  194  213  110  230  N
11  96  287  166  198  N
XX
IC  0.256 0.154 0.588 0.902 1.470 1.530 1.692 1.855 1.370 0.046 0.097
XX
XL
00  42
01  111
02  98
03  293
04  60
05  5
06  2
07  1
08  13
09  57
10  65
XX
//
