AC  HepG2.U2AF2.7
XX
TY  Motif
XX
ID  HepG2.U2AF2.7
XX
NA  HepG2.U2AF2.7
XX
DE  N=6443, Consensus=NNTCTTCTTNN, Score=614.569847262486
P0  A  C  G  T
01  861  1472  579  3531  N
02  761  1483  597  3602  N
03  82  276  112  5973  T
04  184  4524  254  1481  C
05  95  287  0  6061  T
06  56  323  208  5856  T
07  155  5037  174  1077  C
08  109  650  0  5684  T
09  61  284  98  6000  T
10  586  2106  646  3105  N
11  733  2519  669  2522  N
XX
IC  0.337 0.361 1.522 0.823 1.627 1.439 1.021 1.407 1.550 0.318 0.244
XX
XL
00  150
01  319
02  209
03  275
04  1400
05  299
06  430
07  1621
08  806
09  455
10  479
XX
//
