AC  HepG2.DKC1.5
XX
TY  Motif
XX
ID  HepG2.DKC1.5
XX
NA  HepG2.DKC1.5
XX
DE  N=798, Consensus=NNGTGCATGNN, Score=295.214013017907
P0  A  C  G  T
01  100  42  616  40  N
02  84  54  59  601  N
03  54  4  735  5  G
04  16  7  5  770  T
05  20  1  777  0  G
06  80  508  44  166  C
07  633  46  92  27  A
08  0  18  16  764  T
09  4  3  791  0  G
10  69  114  146  469  N
11  100  43  547  108  N
XX
IC  0.893 0.807 1.541 1.729 1.814 0.548 0.970 1.701 1.916 0.392 0.631
XX
XL
00  13
01  127
02  6
03  38
04  0
05  3
06  0
07  584
08  7
09  15
10  5
XX
//
