AC  HepG2.PTBP1.0
XX
TY  Motif
XX
ID  HepG2.PTBP1.0
XX
NA  HepG2.PTBP1.0
XX
DE  N=4978, Consensus=NNTCTTCTTNN,NNTCTTCTCNN, Score=583.101508117202
P0  A  C  G  T
01  315  1170  127  3366  N
02  235  1456  131  3156  N
03  15  216  13  4734  T
04  88  3252  83  1555  C
05  64  166  0  4748  T
06  38  209  47  4684  T
07  62  3405  48  1463  C
08  45  315  0  4618  T
09  26  1736  29  3187  T
10  364  1265  230  3119  N
11  465  1664  400  2449  N
XX
IC  0.740 0.718 1.687 0.873 1.690 1.608 0.962 1.586 0.975 0.594 0.356
XX
XL
00  134
01  305
02  371
03  332
04  369
05  722
06  422
07  425
08  882
09  486
10  530
XX
//
