AC  HepG2.DDX3X.2
XX
TY  Motif
XX
ID  HepG2.DDX3X.2
XX
NA  HepG2.DDX3X.2
XX
DE  N=265, Consensus=NNCGCGCTGNN, Score=117.277062110689
P0  A  C  G  T
01  22  73  102  68  N
02  31  85  100  49  N
03  15  195  33  22  C
04  5  19  233  8  G
05  9  222  18  16  C
06  5  12  237  11  G
07  14  238  7  6  C
08  5  13  13  234  T
09  0  9  248  8  G
10  24  90  104  47  N
11  22  65  110  68  N
XX
IC  0.148 0.123 0.759 1.295 1.104 1.347 1.366 1.299 1.584 0.177 0.166
XX
XL
00  37
01  8
02  22
03  1
04  11
05  3
06  2
07  119
08  7
09  22
10  33
XX
//
