AC  HepG2.SUB1.5
XX
TY  Motif
XX
ID  HepG2.SUB1.5
XX
NA  HepG2.SUB1.5
XX
DE  N=190, Consensus=NNGTTTGTGNN, Score=102.23427245906
P0  A  C  G  T
01  35  11  64  80  N
02  36  13  32  109  N
03  1  6  152  31  G
04  0  6  4  180  T
05  10  4  22  154  T
06  0  2  6  182  T
07  4  7  133  46  G
08  9  0  5  176  T
09  3  5  174  8  G
10  46  27  36  81  N
11  50  25  56  59  N
XX
IC  0.247 0.376 1.107 1.640 1.042 1.703 0.840 1.540 1.447 0.114 0.053
XX
XL
00  14
01  9
02  3
03  13
04  31
05  44
06  8
07  45
08  4
09  10
10  9
XX
//
