AC  HepG2.SRSF9.4
XX
TY  Motif
XX
ID  HepG2.SRSF9.4
XX
NA  HepG2.SRSF9.4
XX
DE  N=1080, Consensus=NNTGCTGGANN,NNTCCTGGANN, Score=251.528618921777
P0  A  C  G  T
01  219  274  320  267  N
02  204  298  292  286  N
03  182  87  106  705  T
04  97  342  524  117  G
05  32  951  26  71  C
06  34  20  13  1013  T
07  0  0  1068  12  G
08  5  11  1060  4  G
09  1035  15  22  8  A
10  186  269  491  134  N
11  190  360  389  141  N
XX
IC  0.011 0.013 0.542 0.307 1.298 1.571 1.910 1.838 1.687 0.171 0.115
XX
XL
00  73
01  42
02  96
03  19
04  67
05  705
06  9
07  3
08  2
09  21
10  43
XX
//
