AC  HepG2.HNRNPK.3
XX
TY  Motif
XX
ID  HepG2.HNRNPK.3
XX
NA  HepG2.HNRNPK.3
XX
DE  N=1292, Consensus=NNCCATCCCNN, Score=295.051181741073
P0  A  C  G  T
01  154  553  114  471  N
02  68  644  105  475  N
03  13  1230  6  43  C
04  15  1222  0  55  C
05  529  248  83  432  A
06  34  101  36  1121  T
07  10  1203  11  68  C
08  5  1266  0  21  C
09  14  1252  0  26  C
10  194  600  60  438  N
11  179  429  299  385  N
XX
IC  0.269 0.449 1.665 1.654 0.231 1.251 1.566 1.842 1.770 0.339 0.066
XX
XL
00  188
01  39
02  17
03  94
04  457
05  104
06  15
07  11
08  25
09  122
10  220
XX
//
