AC  HepG2.DKC1.0
XX
TY  Motif
XX
ID  HepG2.DKC1.0
XX
NA  HepG2.DKC1.0
XX
DE  N=468, Consensus=NNATGAGTGNN, Score=221.958835651829
P0  A  C  G  T
01  44  8  394  22  N
02  84  126  48  210  N
03  346  12  105  5  A
04  0  0  0  468  T
05  0  0  468  0  G
06  216  28  22  202  A
07  51  3  412  2  G
08  2  0  6  460  T
09  0  0  468  0  G
10  77  67  65  259  N
11  70  31  318  49  N
XX
IC  1.158 0.185 0.984 1.995 1.995 0.507 1.405 1.857 1.995 0.298 0.606
XX
XL
00  6
01  29
02  1
03  197
04  0
05  13
06  1
07  211
08  0
09  6
10  4
XX
//
