AC  HepG2.EIF3D.5
XX
TY  Motif
XX
ID  HepG2.EIF3D.5
XX
NA  HepG2.EIF3D.5
XX
DE  N=179, Consensus=NNCAGATGCNN, Score=90.2723684603576
P0  A  C  G  T
01  25  29  38  87  N
02  35  33  68  43  N
03  7  154  13  5  C
04  168  0  6  5  A
05  3  10  163  3  G
06  138  14  15  12  A
07  3  3  8  165  T
08  3  5  159  12  G
09  13  139  13  14  C
10  39  47  32  61  N
11  26  43  67  43  N
XX
IC  0.185 0.053 1.199 1.594 1.435 0.850 1.481 1.332 0.867 0.029 0.064
XX
XL
00  44
01  17
02  6
03  7
04  10
05  2
06  46
07  5
08  8
09  11
10  23
XX
//
