AC  HepG2.HNRNPU.0
XX
TY  Motif
XX
ID  HepG2.HNRNPU.0
XX
NA  HepG2.HNRNPU.0
XX
DE  N=1087, Consensus=NNTCAGGGANN, Score=326.479125177172
P0  A  C  G  T
01  342  162  315  268  N
02  273  196  353  265  N
03  128  121  201  637  T
04  64  717  144  162  C
05  1077  0  3  7  A
06  13  0  1071  3  G
07  6  0  1074  7  G
08  67  10  1006  4  G
09  1080  0  2  5  A
10  48  17  998  24  N
11  310  197  462  118  N
XX
IC  0.048 0.028 0.380 0.566 1.914 1.877 1.893 1.555 1.936 1.471 0.163
XX
XL
00  25
01  11
02  28
03  51
04  2
05  2
06  922
07  10
08  1
09  8
10  27
XX
//
