AC  HepG2.UCHL5.6
XX
TY  Motif
XX
ID  HepG2.UCHL5.6
XX
NA  HepG2.UCHL5.6
XX
DE  N=221, Consensus=NNGACGAAGNN, Score=114.04080240369
P0  A  C  G  T
01  71  30  55  65  N
02  44  9  79  89  N
03  0  5  212  4  G
04  216  3  2  0  A
05  34  74  76  37  C
06  6  17  195  3  G
07  213  4  4  0  A
08  202  2  12  5  A
09  0  0  221  0  G
10  63  43  71  44  N
11  53  44  67  57  N
XX
IC  0.054 0.280 1.704 1.812 0.085 1.321 1.729 1.458 1.990 0.025 0.006
XX
XL
00  40
01  44
02  16
03  0
04  16
05  33
06  1
07  3
08  11
09  29
10  28
XX
//
