AC  HepG2.HNRNPA1.0
XX
TY  Motif
XX
ID  HepG2.HNRNPA1.0
XX
NA  HepG2.HNRNPA1.0
XX
DE  N=9813, Consensus=NNTCAGGGANN, Score=1035.26308214611
P0  A  C  G  T
01  3090  1640  2546  2537  N
02  2335  1965  2797  2716  N
03  1198  1086  1723  5806  T
04  541  6556  1391  1325  C
05  9801  0  0  12  A
06  194  0  9619  0  G
07  39  0  9732  42  G
08  629  128  8968  88  G
09  9813  0  0  0  A
10  199  94  9477  43  N
11  3031  2168  3053  1561  N
XX
IC  0.034 0.013 0.389 0.591 1.986 1.860 1.923 1.484 2.000 1.739 0.049
XX
XL
00  97
01  145
02  136
03  55
04  1
05  0
06  9251
07  5
08  0
09  4
10  119
XX
//
