AC  HepG2.DDX59.0
XX
TY  Motif
XX
ID  HepG2.DDX59.0
XX
NA  HepG2.DDX59.0
XX
DE  N=265, Consensus=NNCCCATCCNN,NNCCCATCTNN, Score=131.464867832882
P0  A  C  G  T
01  30  107  22  106  N
02  15  111  19  120  N
03  9  252  2  2  C
04  4  260  0  1  C
05  0  260  0  5  C
06  101  71  11  82  A
07  2  31  10  222  T
08  0  244  12  9  C
09  0  181  0  84  C
10  16  155  13  81  N
11  10  124  25  106  N
XX
IC  0.281 0.441 1.651 1.843 1.857 0.238 1.184 1.514 1.091 0.559 0.451
XX
XL
00  44
01  6
02  2
03  3
04  15
05  58
06  24
07  12
08  18
09  36
10  47
XX
//
