AC  HepG2.HNRNPM.3
XX
TY  Motif
XX
ID  HepG2.HNRNPM.3
XX
NA  HepG2.HNRNPM.3
XX
DE  N=2221, Consensus=NNGTTTGTGNN, Score=324.159832613226
P0  A  C  G  T
01  447  337  610  827  N
02  409  165  410  1237  N
03  98  109  1743  271  G
04  50  55  45  2071  T
05  33  110  189  1889  T
06  10  8  80  2123  T
07  27  126  1730  338  G
08  76  23  142  1980  T
09  61  52  1940  168  G
10  339  384  712  786  N
11  371  491  748  611  N
XX
IC  0.078 0.351 0.942 1.536 1.193 1.700 0.993 1.363 1.278 0.091 0.045
XX
XL
00  87
01  47
02  109
03  254
04  425
05  558
06  207
07  164
08  90
09  153
10  127
XX
//
