AC  HepG2.DDX3X.1
XX
TY  Motif
XX
ID  HepG2.DDX3X.1
XX
NA  HepG2.DDX3X.1
XX
DE  N=469, Consensus=NNAGCCGCGNN,NNCGCCGCGNN, Score=145.42205962528
P0  A  C  G  T
01  36  103  165  165  N
02  16  145  202  106  N
03  145  267  41  16  A
04  4  22  432  11  G
05  4  438  21  6  C
06  18  383  32  36  C
07  5  22  424  18  G
08  8  406  36  19  C
09  14  65  356  34  G
10  38  165  198  68  N
11  21  183  169  96  N
XX
IC  0.170 0.297 0.535 1.494 1.564 1.028 1.406 1.243 0.873 0.242 0.266
XX
XL
00  159
01  58
02  27
03  20
04  7
05  30
06  14
07  21
08  17
09  46
10  70
XX
//
