AC  HepG2.FAM120A.2
XX
TY  Motif
XX
ID  HepG2.FAM120A.2
XX
NA  HepG2.FAM120A.2
XX
DE  N=1401, Consensus=NNGCGGGGTNN, Score=320.877214324495
P0  A  C  G  T
01  121  163  942  175  N
02  184  126  857  234  N
03  16  19  1349  17  G
04  130  849  179  243  C
05  33  15  1316  37  G
06  4  7  1381  9  G
07  15  4  1377  5  G
08  4  17  1376  4  G
09  165  167  220  849  T
10  140  198  897  166  N
11  135  196  958  112  N
XX
IC  0.572 0.436 1.711 0.425 1.578 1.869 1.851 1.847 0.412 0.491 0.610
XX
XL
00  41
01  104
02  17
03  25
04  299
05  215
06  329
07  48
08  42
09  51
10  230
XX
//
