AC  HepG2.U2AF2.4
XX
TY  Motif
XX
ID  HepG2.U2AF2.4
XX
NA  HepG2.U2AF2.4
XX
DE  N=574, Consensus=NNTTCTAGGNN, Score=185.084263151878
P0  A  C  G  T
01  74  112  44  344  N
02  76  77  45  376  N
03  3  8  9  554  T
04  5  20  3  546  T
05  40  365  34  135  C
06  14  44  0  516  T
07  485  4  10  75  A
08  15  0  544  15  G
09  26  26  491  31  G
10  105  155  88  226  N
11  140  124  118  192  N
XX
IC  0.428 0.533 1.727 1.660 0.580 1.443 1.255 1.648 1.172 0.094 0.025
XX
XL
00  168
01  88
02  102
03  44
04  14
05  59
06  6
07  11
08  19
09  22
10  41
XX
//
