AC  HepG2.NCBP2.2
XX
TY  Motif
XX
ID  HepG2.NCBP2.2
XX
NA  HepG2.NCBP2.2
XX
DE  N=148, Consensus=NNGCGGTAGNN, Score=88.0407843465589
P0  A  C  G  T
01  16  46  61  25  N
02  30  16  77  25  N
03  0  0  145  3  G
04  8  121  10  9  C
05  8  1  136  3  G
06  0  2  142  4  G
07  5  20  33  90  T
08  112  5  21  10  A
09  2  0  146  0  G
10  14  45  56  33  N
11  23  34  70  21  N
XX
IC  0.154 0.248 1.842 1.012 1.483 1.703 0.511 0.854 1.882 0.128 0.170
XX
XL
00  6
01  11
02  6
03  8
04  5
05  18
06  29
07  12
08  5
09  31
10  17
XX
//
