AC  HepG2.LARP4.2
XX
TY  Motif
XX
ID  HepG2.LARP4.2
XX
NA  HepG2.LARP4.2
XX
DE  N=144, Consensus=NNCACCTATNN, Score=81.7641635645796
P0  A  C  G  T
01  30  39  31  44  N
02  34  37  28  45  N
03  2  134  3  5  C
04  131  4  4  5  A
05  6  119  6  13  C
06  5  130  1  8  C
07  5  4  1  134  T
08  88  18  12  26  A
09  0  8  3  133  T
10  28  21  41  54  N
11  28  45  26  45  N
XX
IC  0.003 0.006 1.518 1.405 1.062 1.402 1.527 0.431 1.531 0.074 0.031
XX
XL
00  16
01  4
02  0
03  2
04  3
05  2
06  30
07  9
08  38
09  26
10  14
XX
//
