AC  HepG2.DDX59.2
XX
TY  Motif
XX
ID  HepG2.DDX59.2
XX
NA  HepG2.DDX59.2
XX
DE  N=155, Consensus=NNCACTTCCNN, Score=109.344707456213
P0  A  C  G  T
01  21  65  9  60  N
02  11  77  2  65  N
03  2  148  5  0  C
04  71  63  3  18  A
05  0  145  2  8  C
06  3  16  1  135  T
07  0  8  1  146  T
08  2  141  4  8  C
09  2  152  0  1  C
10  21  87  0  47  N
11  17  70  11  57  N
XX
IC  0.301 0.607 1.682 0.471 1.594 1.317 1.637 1.424 1.830 0.606 0.317
XX
XL
00  21
01  2
02  1
03  2
04  13
05  56
06  20
07  2
08  5
09  12
10  21
XX
//
