AC  HepG2.LIN28B.3
XX
TY  Motif
XX
ID  HepG2.LIN28B.3
XX
NA  HepG2.LIN28B.3
XX
DE  N=560, Consensus=NNTGATACCNN, Score=195.846875488487
P0  A  C  G  T
01  186  73  126  175  N
02  300  14  157  89  N
03  39  4  17  500  T
04  11  10  521  18  G
05  546  3  2  9  A
06  7  16  13  524  T
07  458  12  53  37  A
08  40  425  34  61  C
09  50  448  13  49  C
10  193  120  124  123  N
11  150  119  167  124  N
XX
IC  0.076 0.445 1.378 1.525 1.795 1.555 1.059 0.828 0.994 0.028 0.010
XX
XL
00  29
01  17
02  34
03  5
04  5
05  448
06  1
07  4
08  1
09  6
10  10
XX
//
