AC  HepG2.UCHL5.7
XX
TY  Motif
XX
ID  HepG2.UCHL5.7
XX
NA  HepG2.UCHL5.7
XX
DE  N=467, Consensus=NNCATGGACNN, Score=155.185318471576
P0  A  C  G  T
01  135  91  109  132  N
02  134  101  72  160  N
03  13  418  22  14  C
04  348  63  25  31  A
05  19  5  15  428  T
06  2  73  373  19  G
07  15  0  441  11  G
08  404  18  30  15  A
09  14  413  33  7  C
10  144  138  66  119  N
11  107  81  125  154  N
XX
IC  0.013 0.055 1.349 0.803 1.463 1.096 1.631 1.220 1.326 0.051 0.033
XX
XL
00  23
01  45
02  4
03  14
04  251
05  15
06  8
07  0
08  3
09  23
10  81
XX
//
