AC  HepG2.HNRNPK.2
XX
TY  Motif
XX
ID  HepG2.HNRNPK.2
XX
NA  HepG2.HNRNPK.2
XX
DE  N=913, Consensus=NNGTCCCCANN, Score=252.670943108847
P0  A  C  G  T
01  152  418  79  264  N
02  131  210  60  512  N
03  29  98  529  257  G
04  0  27  14  872  T
05  5  844  16  48  C
06  22  884  0  7  C
07  14  884  0  15  C
08  16  879  10  8  C
09  681  85  43  104  A
10  99  370  246  198  N
11  109  476  137  191  N
XX
IC  0.228 0.382 0.523 1.692 1.526 1.769 1.763 1.711 0.799 0.134 0.259
XX
XL
00  119
01  153
02  470
03  54
04  6
05  3
06  0
07  10
08  22
09  39
10  37
XX
//
