AC  HepG2.NCBP2.7
XX
TY  Motif
XX
ID  HepG2.NCBP2.7
XX
NA  HepG2.NCBP2.7
XX
DE  N=370, Consensus=NNTGGCGGCNN,NNTAGCGGCNN, Score=125.544670409306
P0  A  C  G  T
01  45  65  152  108  N
02  40  65  155  110  N
03  26  35  48  261  T
04  73  4  286  7  G
05  4  10  353  3  G
06  25  294  31  20  C
07  19  20  304  27  G
08  2  12  349  7  G
09  13  331  20  6  C
10  56  91  145  78  N
11  50  64  186  70  N
XX
IC  0.138 0.160 0.666 1.066 1.662 0.941 1.038 1.605 1.357 0.081 0.213
XX
XL
00  54
01  85
02  78
03  9
04  24
05  22
06  7
07  14
08  11
09  20
10  46
XX
//
