AC  HepG2.SF3A3.4
XX
TY  Motif
XX
ID  HepG2.SF3A3.4
XX
NA  HepG2.SF3A3.4
XX
DE  N=137, Consensus=NNCTCTGACNN, Score=81.4537151783154
P0  A  C  G  T
01  23  29  37  48  N
02  15  54  24  44  N
03  3  129  2  3  C
04  2  6  2  127  T
05  2  128  2  5  C
06  6  0  2  129  T
07  0  7  129  1  G
08  81  23  21  12  A
09  7  105  20  5  C
10  40  42  20  35  N
11  14  45  42  36  N
XX
IC  0.038 0.139 1.572 1.507 1.540 1.616 1.631 0.381 0.891 0.034 0.091
XX
XL
00  29
01  2
02  3
03  34
04  18
05  10
06  5
07  6
08  7
09  12
10  11
XX
//
