AC  HepG2.DDX59.3
XX
TY  Motif
XX
ID  HepG2.DDX59.3
XX
NA  HepG2.DDX59.3
XX
DE  N=160, Consensus=NNCATCCCTNN, Score=110.760322975992
P0  A  C  G  T
01  7  87  10  56  N
02  11  94  21  34  N
03  0  155  3  2  C
04  68  39  3  50  A
05  2  20  7  131  T
06  0  156  0  4  C
07  0  160  0  0  C
08  0  154  0  6  C
09  3  9  0  148  T
10  3  53  36  68  N
11  17  79  16  48  N
XX
IC  0.531 0.411 1.756 0.333 1.099 1.818 1.986 1.756 1.541 0.342 0.287
XX
XL
00  11
01  4
02  12
03  27
04  6
05  0
06  1
07  7
08  33
09  44
10  15
XX
//
