AC  HepG2.RBM22.7
XX
TY  Motif
XX
ID  HepG2.RBM22.7
XX
NA  HepG2.RBM22.7
XX
DE  N=567, Consensus=NNGGCCGGGNN, Score=175.806488346047
P0  A  C  G  T
01  67  125  218  157  N
02  72  53  299  143  N
03  11  7  535  14  G
04  5  15  544  3  G
05  7  465  76  19  C
06  53  322  58  134  C
07  21  16  482  48  G
08  4  5  553  5  G
09  6  14  547  0  G
10  102  144  240  81  N
11  70  142  248  107  N
XX
IC  0.108 0.310 1.597 1.700 1.130 0.385 1.174 1.790 1.745 0.123 0.148
XX
XL
00  108
01  97
02  24
03  16
04  4
05  114
06  32
07  57
08  43
09  13
10  59
XX
//
