AC  HepG2.SUGP2.6
XX
TY  Motif
XX
ID  HepG2.SUGP2.6
XX
NA  HepG2.SUGP2.6
XX
DE  N=302, Consensus=NNTAGCCTGNN, Score=140.72348067976
P0  A  C  G  T
01  31  33  55  183  N
02  12  20  28  242  N
03  6  6  23  267  T
04  178  3  25  96  A
05  13  3  263  23  G
06  8  276  6  12  C
07  14  270  1  17  C
08  12  0  3  287  T
09  8  3  279  12  G
10  67  59  101  75  N
11  60  66  109  67  N
XX
IC  0.421 0.974 1.328 0.654 1.275 1.438 1.382 1.672 1.497 0.023 0.038
XX
XL
00  80
01  89
02  49
03  30
04  0
05  0
06  4
07  29
08  3
09  10
10  8
XX
//
