AC  HepG2.ILF3.2
XX
TY  Motif
XX
ID  HepG2.ILF3.2
XX
NA  HepG2.ILF3.2
XX
DE  N=998, Consensus=NNCTGGCCTNN,NNGTGGCCTNN, Score=194.310393538411
P0  A  C  G  T
01  126  235  288  349  N
02  161  218  352  267  N
03  15  511  406  66  C
04  41  11  25  921  T
05  21  13  903  61  G
06  49  41  868  40  G
07  22  714  95  167  C
08  84  832  30  52  C
09  45  33  36  884  T
10  98  304  351  245  N
11  265  192  354  187  N
XX
IC  0.082 0.055 0.625 1.497 1.422 1.234 0.776 1.104 1.306 0.119 0.049
XX
XL
00  97
01  72
02  31
03  249
04  40
05  13
06  10
07  16
08  143
09  246
10  81
XX
//
