AC  HepG2.HNRNPA1.2
XX
TY  Motif
XX
ID  HepG2.HNRNPA1.2
XX
NA  HepG2.HNRNPA1.2
XX
DE  N=6362, Consensus=NNAGGCAGTNN, Score=699.236148284763
P0  A  C  G  T
01  1405  973  2353  1631  N
02  1222  1746  1834  1560  N
03  6362  0  0  0  A
04  99  0  6217  46  G
05  169  134  5854  205  G
06  1048  2694  2376  244  C
07  6362  0  0  0  A
08  0  0  6362  0  G
09  544  351  790  4677  T
10  1173  1482  2517  1190  N
11  2440  970  1919  1033  N
XX
IC  0.070 0.016 2.000 1.822 1.473 0.335 2.000 2.000 0.766 0.079 0.108
XX
XL
00  1010
01  147
02  0
03  11
04  4264
05  17
06  1
07  3
08  783
09  58
10  68
XX
//
