AC  HepG2.XPO5.8
XX
TY  Motif
XX
ID  HepG2.XPO5.8
XX
NA  HepG2.XPO5.8
XX
DE  N=212, Consensus=NNGCCTCAGNN, Score=97.6931948944094
P0  A  C  G  T
01  29  64  62  57  N
02  40  31  66  75  N
03  7  5  188  12  G
04  4  176  19  13  C
05  4  201  0  7  C
06  10  8  11  183  T
07  0  185  24  3  C
08  149  14  13  36  A
09  0  7  200  5  G
10  38  70  59  45  N
11  29  62  78  43  N
XX
IC  0.047 0.076 1.312 1.100 1.646 1.199 1.376 0.692 1.621 0.029 0.081
XX
XL
00  28
01  37
02  8
03  3
04  9
05  46
06  2
07  25
08  9
09  22
10  23
XX
//
