AC  HepG2.GTF2F1.7
XX
TY  Motif
XX
ID  HepG2.GTF2F1.7
XX
NA  HepG2.GTF2F1.7
XX
DE  N=1136, Consensus=NNGGGTGGANN, Score=289.220850829895
P0  A  C  G  T
01  125  134  681  196  N
02  206  85  603  242  N
03  8  0  1114  14  G
04  8  3  1125  0  G
05  27  21  1074  14  G
06  142  35  73  886  T
07  0  0  1131  5  G
08  8  25  1103  0  G
09  483  63  526  64  A
10  190  154  618  174  N
11  219  168  587  162  N
XX
IC  0.404 0.311 1.842 1.911 1.609 0.934 1.957 1.785 0.494 0.283 0.240
XX
XL
00  40
01  142
02  42
03  157
04  74
05  24
06  18
07  265
08  305
09  13
10  56
XX
//
