AC  HepG2.SRSF7.8
XX
TY  Motif
XX
ID  HepG2.SRSF7.8
XX
NA  HepG2.SRSF7.8
XX
DE  N=1806, Consensus=NNGTGTGTGNN, Score=406.153147277806
P0  A  C  G  T
01  257  132  1282  135  N
02  155  111  120  1420  N
03  107  29  1641  29  G
04  71  40  38  1657  T
05  73  27  1680  26  G
06  87  55  51  1613  T
07  94  42  1641  29  G
08  87  51  64  1604  T
09  82  38  1629  57  G
10  155  234  255  1162  N
11  173  127  1347  159  N
XX
IC  0.692 0.915 1.440 1.462 1.536 1.344 1.429 1.320 1.387 0.505 0.781
XX
XL
00  37
01  277
02  5
03  252
04  2
05  361
06  5
07  469
08  5
09  382
10  11
XX
//
