AC  HepG2.LARP4.9
XX
TY  Motif
XX
ID  HepG2.LARP4.9
XX
NA  HepG2.LARP4.9
XX
DE  N=256, Consensus=NNCATTGTGNN, Score=112.966698861713
P0  A  C  G  T
01  49  55  61  91  N
02  48  56  56  96  N
03  5  229  9  13  C
04  199  14  4  39  A
05  6  7  9  234  T
06  5  6  10  235  T
07  5  11  199  41  G
08  10  0  9  237  T
09  8  7  224  17  G
10  60  55  79  62  N
11  73  64  50  69  N
XX
IC  0.035 0.049 1.349 0.972 1.434 1.458 0.980 1.536 1.265 0.005 0.005
XX
XL
00  19
01  2
02  0
03  3
04  22
05  115
06  15
07  52
08  7
09  13
10  8
XX
//
