AC  HepG2.EIF3D.0
XX
TY  Motif
XX
ID  HepG2.EIF3D.0
XX
NA  HepG2.EIF3D.0
XX
DE  N=238, Consensus=NNCCATGGANN, Score=116.275902190476
P0  A  C  G  T
01  50  48  68  72  N
02  45  42  84  67  N
03  11  205  12  10  C
04  8  224  0  6  C
05  209  9  7  13  A
06  10  0  75  153  T
07  3  5  214  16  G
08  5  4  226  3  G
09  210  13  8  7  A
10  25  60  128  25  N
11  47  63  84  44  N
XX
IC  0.014 0.050 1.191 1.610 1.269 0.864 1.395 1.624 1.288 0.326 0.041
XX
XL
00  35
01  2
02  4
03  2
04  2
05  77
06  84
07  5
08  2
09  11
10  14
XX
//
