AC  HepG2.CSTF2T.4
XX
TY  Motif
XX
ID  HepG2.CSTF2T.4
XX
NA  HepG2.CSTF2T.4
XX
DE  N=5585, Consensus=NNGGGAGAGNN, Score=606.256137459926
P0  A  C  G  T
01  772  1477  2067  1269  N
02  2408  337  1820  1020  N
03  106  11  5381  87  G
04  122  0  5423  40  G
05  192  136  5216  41  G
06  4666  62  707  150  A
07  73  130  5357  25  G
08  3150  239  1894  302  A
09  204  325  4906  150  G
10  1186  1053  2864  482  N
11  1235  1217  2568  565  N
XX
IC  0.081 0.257 1.728 1.787 1.558 1.193 1.699 0.582 1.282 0.272 0.189
XX
XL
00  327
01  560
02  314
03  3013
04  122
05  95
06  28
07  410
08  263
09  341
10  112
XX
//
