AC  HepG2.DDX3X.7
XX
TY  Motif
XX
ID  HepG2.DDX3X.7
XX
NA  HepG2.DDX3X.7
XX
DE  N=433, Consensus=NNGCCGCCGNN, Score=146.98784289601
P0  A  C  G  T
01  33  181  89  130  N
02  57  111  142  123  N
03  1  21  398  13  G
04  7  386  30  10  C
05  12  364  22  35  C
06  5  28  388  12  G
07  2  392  29  10  C
08  14  361  20  38  C
09  15  25  363  30  G
10  32  208  115  78  N
11  31  177  126  99  N
XX
IC  0.196 0.063 1.499 1.359 1.129 1.380 1.442 1.103 1.109 0.256 0.190
XX
XL
00  99
01  90
02  31
03  10
04  21
05  14
06  10
07  18
08  26
09  46
10  68
XX
//
