AC  HepG2.GTF2F1.2
XX
TY  Motif
XX
ID  HepG2.GTF2F1.2
XX
NA  HepG2.GTF2F1.2
XX
DE  N=1560, Consensus=NNGGCGGGGNN, Score=330.105313674358
P0  A  C  G  T
01  203  181  973  203  N
02  124  109  1207  120  N
03  29  18  1487  26  G
04  7  26  1514  13  G
05  237  768  178  377  C
06  64  41  1396  59  G
07  8  26  1514  12  G
08  33  56  1451  20  G
09  53  58  1414  35  G
10  303  283  793  181  N
11  257  355  700  248  N
XX
IC  0.448 0.869 1.653 1.766 0.230 1.350 1.765 1.531 1.405 0.236 0.143
XX
XL
00  142
01  44
02  100
03  33
04  19
05  83
06  257
07  605
08  104
09  67
10  106
XX
//
