AC  HepG2.EIF3D.4
XX
TY  Motif
XX
ID  HepG2.EIF3D.4
XX
NA  HepG2.EIF3D.4
XX
DE  N=211, Consensus=NNCAGTGCTNN, Score=97.3509457110444
P0  A  C  G  T
01  35  52  55  69  N
02  33  48  67  63  N
03  8  182  16  5  C
04  178  7  3  23  A
05  3  14  175  19  G
06  11  5  9  186  T
07  5  6  187  13  G
08  14  178  0  19  C
09  4  11  5  191  T
10  15  38  82  76  N
11  30  58  50  73  N
XX
IC  0.029 0.039 1.217 1.184 1.106 1.285 1.314 1.210 1.401 0.213 0.055
XX
XL
00  22
01  8
02  2
03  15
04  6
05  47
06  5
07  2
08  37
09  36
10  31
XX
//
