AC  HepG2.TAF15.3
XX
TY  Motif
XX
ID  HepG2.TAF15.3
XX
NA  HepG2.TAF15.3
XX
DE  N=639, Consensus=NNGAGAGGTNN, Score=194.856973309276
P0  A  C  G  T
01  113  89  301  136  N
02  239  9  304  87  N
03  11  3  619  6  G
04  429  0  195  15  A
05  6  10  615  8  G
06  565  4  35  35  A
07  37  0  591  11  G
08  19  12  591  17  G
09  64  24  108  443  T
10  197  93  238  111  N
11  143  86  302  108  N
XX
IC  0.172 0.478 1.752 0.961 1.707 1.335 1.554 1.495 0.686 0.099 0.179
XX
XL
00  44
01  174
02  18
03  148
04  11
05  7
06  24
07  135
08  19
09  25
10  34
XX
//
