AC  HepG2.PPIG.5
XX
TY  Motif
XX
ID  HepG2.PPIG.5
XX
NA  HepG2.PPIG.5
XX
DE  N=475, Consensus=NNGTAAGTGNN, Score=162.211262314493
P0  A  C  G  T
01  159  102  110  104  N
02  107  48  203  117  N
03  6  13  444  12  G
04  33  15  37  390  T
05  319  28  123  5  A
06  408  21  25  21  A
07  8  11  450  6  G
08  12  16  24  423  T
09  6  12  445  12  G
10  98  120  178  79  N
11  71  148  166  90  N
XX
IC  0.022 0.155 1.549 1.050 0.795 1.186 1.617 1.330 1.559 0.063 0.077
XX
XL
00  33
01  238
02  1
03  68
04  3
05  11
06  1
07  87
08  1
09  15
10  17
XX
//
