AC  HepG2.QKI.2
XX
TY  Motif
XX
ID  HepG2.QKI.2
XX
NA  HepG2.QKI.2
XX
DE  N=5016, Consensus=NNCTAACAANN,NNCTAACATNN, Score=596.700510353783
P0  A  C  G  T
01  880  573  282  3281  N
02  3769  169  193  885  N
03  103  4169  0  744  C
04  0  0  0  5016  T
05  4890  28  0  98  A
06  5010  0  6  0  A
07  226  3906  0  884  C
08  3897  696  59  364  A
09  1688  299  225  2804  A
10  920  904  810  2382  N
11  1121  1172  919  1804  N
XX
IC  0.567 0.903 1.254 2.000 1.811 1.986 1.076 0.971 0.558 0.170 0.047
XX
XL
00  1133
01  982
02  123
03  99
04  93
05  22
06  17
07  126
08  1307
09  852
10  262
XX
//
