AC  HepG2.NKRF.6
XX
TY  Motif
XX
ID  HepG2.NKRF.6
XX
NA  HepG2.NKRF.6
XX
DE  N=915, Consensus=NNCGTGGGGNN, Score=268.125621275599
P0  A  C  G  T
01  99  92  593  131  N
02  96  77  650  92  N
03  52  320  478  65  C
04  18  28  841  28  G
05  11  53  100  751  T
06  2  0  910  3  G
07  5  0  906  4  G
08  5  2  901  7  G
09  0  14  892  9  G
10  192  188  408  127  N
11  133  223  387  172  N
XX
IC  0.510 0.672 0.472 1.466 1.100 1.943 1.908 1.862 1.804 0.141 0.118
XX
XL
00  45
01  16
02  17
03  6
04  76
05  90
06  122
07  393
08  44
09  49
10  57
XX
//
