AC  HepG2.TIA1.5
XX
TY  Motif
XX
ID  HepG2.TIA1.5
XX
NA  HepG2.TIA1.5
XX
DE  N=215, Consensus=NNGGTATGTNN, Score=110.25688434602
P0  A  C  G  T
01  30  15  37  133  N
02  46  8  57  104  N
03  10  0  178  27  G
04  5  2  199  9  G
05  5  9  8  193  T
06  173  8  9  25  A
07  4  0  4  207  T
08  12  9  152  42  G
09  7  2  11  195  T
10  24  23  62  106  N
11  31  25  60  99  N
XX
IC  0.460 0.323 1.183 1.506 1.356 1.008 1.723 0.752 1.419 0.272 0.197
XX
XL
00  26
01  23
02  1
03  0
04  36
05  5
06  16
07  3
08  26
09  29
10  50
XX
//
