AC  HepG2.DDX3X.5
XX
TY  Motif
XX
ID  HepG2.DDX3X.5
XX
NA  HepG2.DDX3X.5
XX
DE  N=164, Consensus=NNTAGCGGCNN, Score=95.7650182371431
P0  A  C  G  T
01  25  49  53  37  N
02  30  26  63  45  N
03  3  13  19  129  T
04  91  10  52  11  A
05  1  3  160  0  G
06  6  153  3  2  C
07  7  10  140  7  G
08  3  9  152  0  G
09  0  161  0  3  C
10  19  53  57  35  N
11  11  43  91  19  N
XX
IC  0.041 0.075 0.959 0.482 1.802 1.536 1.157 1.550 1.855 0.094 0.387
XX
XL
00  21
01  33
02  58
03  11
04  6
05  4
06  6
07  0
08  5
09  13
10  7
XX
//
