AC  HepG2.GRWD1.0
XX
TY  Motif
XX
ID  HepG2.GRWD1.0
XX
NA  HepG2.GRWD1.0
XX
DE  N=1345, Consensus=NNCATCGAGNN, Score=294.603366770842
P0  A  C  G  T
01  391  256  361  337  N
02  342  308  225  470  N
03  0  1329  13  3  C
04  1125  20  48  152  A
05  18  16  14  1297  T
06  7  1200  74  64  C
07  69  147  1093  36  G
08  1159  17  41  128  A
09  63  177  1033  72  G
10  416  310  425  194  N
11  462  285  317  281  N
XX
IC  0.015 0.047 1.897 1.166 1.720 1.373 1.046 1.257 0.888 0.059 0.031
XX
XL
00  60
01  119
02  2
03  8
04  1027
05  56
06  1
07  8
08  11
09  25
10  28
XX
//
