AC  HepG2.TIA1.1
XX
TY  Motif
XX
ID  HepG2.TIA1.1
XX
NA  HepG2.TIA1.1
XX
DE  N=341, Consensus=NNGGTACTTNN, Score=139.810939385598
P0  A  C  G  T
01  66  59  47  169  N
02  112  20  61  148  N
03  23  2  272  44  G
04  9  19  289  24  G
05  13  14  11  303  T
06  281  17  12  31  A
07  16  271  12  42  C
08  5  8  0  328  T
09  3  3  6  329  T
10  26  38  73  204  N
11  48  64  105  124  N
XX
IC  0.201 0.259 1.046 1.151 1.314 1.063 0.981 1.723 1.721 0.438 0.089
XX
XL
00  25
01  37
02  2
03  2
04  16
05  5
06  2
07  7
08  118
09  72
10  55
XX
//
