AC  HepG2.SF3B4.1
XX
TY  Motif
XX
ID  HepG2.SF3B4.1
XX
NA  HepG2.SF3B4.1
XX
DE  N=498, Consensus=NNCTCTGACNN, Score=151.670410350334
P0  A  C  G  T
01  81  131  143  143  N
02  88  164  128  118  N
03  11  447  14  26  C
04  11  19  9  459  T
05  4  449  32  13  C
06  11  4  8  475  T
07  12  18  459  9  G
08  322  79  63  34  A
09  19  406  60  13  C
10  84  199  78  137  N
11  54  173  148  123  N
XX
IC  0.029 0.030 1.367 1.481 1.413 1.657 1.480 0.526 1.071 0.103 0.100
XX
XL
00  64
01  15
02  47
03  112
04  16
05  133
06  9
07  8
08  27
09  33
10  34
XX
//
