AC  HepG2.SUGP2.2
XX
TY  Motif
XX
ID  HepG2.SUGP2.2
XX
NA  HepG2.SUGP2.2
XX
DE  N=795, Consensus=NNTCTGTCGNN,NNTCTGTGGNN, Score=196.080868583285
P0  A  C  G  T
01  120  101  83  491  N
02  61  104  119  511  N
03  5  0  14  776  T
04  7  595  52  141  C
05  7  0  0  788  T
06  6  29  653  107  G
07  19  0  17  759  T
08  39  176  500  80  C
09  50  62  567  116  G
10  215  178  180  222  N
11  136  180  200  279  N
XX
IC  0.438 0.509 1.815 0.924 1.925 1.147 1.686 0.548 0.706 0.005 0.045
XX
XL
00  80
01  138
02  136
03  39
04  112
05  48
06  106
07  27
08  19
09  29
10  61
XX
//
