AC  HepG2.IGF2BP1.2
XX
TY  Motif
XX
ID  HepG2.IGF2BP1.2
XX
NA  HepG2.IGF2BP1.2
XX
DE  N=515, Consensus=NNCAGCCACNN,NNCACCCACNN, Score=135.926008265464
P0  A  C  G  T
01  90  167  69  189  N
02  102  131  96  186  N
03  15  447  15  38  C
04  438  24  12  41  A
05  13  246  236  20  G
06  26  465  6  18  C
07  27  431  7  50  C
08  416  53  8  38  A
09  11  447  26  31  C
10  131  185  53  146  N
11  94  158  123  140  N
XX
IC  0.110 0.048 1.244 1.174 0.655 1.401 1.147 1.039 1.238 0.110 0.021
XX
XL
00  107
01  55
02  77
03  11
04  10
05  13
06  46
07  6
08  31
09  81
10  78
XX
//
