AC  HepG2.TAF15.1
XX
TY  Motif
XX
ID  HepG2.TAF15.1
XX
NA  HepG2.TAF15.1
XX
DE  N=217, Consensus=NNGAATGGTNN, Score=106.07856712235
P0  A  C  G  T
01  63  15  94  45  N
02  58  6  76  77  N
03  4  0  211  2  G
04  196  2  15  4  A
05  168  5  35  9  A
06  7  0  20  190  T
07  6  2  200  9  G
08  11  8  186  12  G
09  32  4  18  163  T
10  41  31  78  67  N
11  74  16  68  59  N
XX
IC  0.212 0.278 1.782 1.422 0.964 1.345 1.486 1.175 0.869 0.081 0.148
XX
XL
00  27
01  27
02  11
03  1
04  2
05  66
06  5
07  12
08  17
09  25
10  24
XX
//
