AC  K562.IGF2BP1.3
XX
TY  Motif
XX
ID  K562.IGF2BP1.3
XX
NA  K562.IGF2BP1.3
XX
DE  N=241, Consensus=NNTCAAACANN, Score=113.21524924548
P0  A  C  G  T
01  49  52  11  129  N
02  44  42  15  140  N
03  5  0  2  234  T
04  33  169  14  25  C
05  212  15  0  14  A
06  225  5  5  6  A
07  222  9  1  9  A
08  25  193  9  14  C
09  206  13  1  21  A
10  57  58  66  60  N
11  63  57  52  69  N
XX
IC  0.360 0.399 1.776 0.662 1.340 1.534 1.495 0.980 1.231 0.000 0.000
XX
XL
00  46
01  54
02  65
03  21
04  8
05  3
06  1
07  4
08  13
09  10
10  16
XX
//
