AC  K562.SND1.0
XX
TY  Motif
XX
ID  K562.SND1.0
XX
NA  K562.SND1.0
XX
DE  N=115, Consensus=NNTATGGCCNN, Score=74.7273252591375
P0  A  C  G  T
01  32  34  14  35  N
02  20  35  15  45  N
03  1  4  3  107  T
04  69  11  14  21  A
05  2  1  4  108  T
06  5  1  106  3  G
07  10  7  92  6  G
08  6  103  5  1  C
09  1  109  2  3  C
10  37  27  14  37  N
11  24  28  31  32  N
XX
IC  0.056 0.107 1.519 0.397 1.566 1.479 0.949 1.360 1.609 0.068 0.000
XX
XL
00  18
01  11
02  29
03  12
04  27
05  1
06  1
07  0
08  0
09  5
10  11
XX
//
