AC  K562.SAFB2.2
XX
TY  Motif
XX
ID  K562.SAFB2.2
XX
NA  K562.SAFB2.2
XX
DE  N=2096, Consensus=NNAGGAAGGNN, Score=371.415052035666
P0  A  C  G  T
01  498  251  848  499  N
02  500  411  709  476  N
03  1945  0  105  46  A
04  56  0  2018  22  G
05  62  25  1980  29  G
06  1222  75  758  41  A
07  1922  5  145  24  A
08  49  3  2032  12  G
09  151  147  1720  78  G
10  675  307  875  239  N
11  918  287  637  254  N
XX
IC  0.119 0.030 1.562 1.738 1.609 0.732 1.523 1.773 1.046 0.183 0.193
XX
XL
00  228
01  90
02  23
03  92
04  1129
05  35
06  10
07  55
08  276
09  138
10  20
XX
//
