AC  K562.FAM120A.9
XX
TY  Motif
XX
ID  K562.FAM120A.9
XX
NA  K562.FAM120A.9
XX
DE  N=59, Consensus=NNCCTAAGANN, Score=54.4696215358062
P0  A  C  G  T
01  11  17  8  23  N
02  8  15  12  24  N
03  0  56  1  2  C
04  1  54  0  4  C
05  3  2  3  51  T
06  45  2  4  8  A
07  52  0  5  2  A
08  8  1  46  4  G
09  52  4  0  3  A
10  22  6  19  12  N
11  21  4  19  15  N
XX
IC  0.074 0.075 1.627 1.483 1.179 0.846 1.335 0.930 1.321 0.104 0.141
XX
XL
00  1
01  4
02  1
03  1
04  23
05  8
06  1
07  8
08  3
09  6
10  3
XX
//
