AC  K562.MTPAP.5
XX
TY  Motif
XX
ID  K562.MTPAP.5
XX
NA  K562.MTPAP.5
XX
DE  N=230, Consensus=NNAAGAACANN,NNAAGAACTNN, Score=95.9348143463547
P0  A  C  G  T
01  78  20  57  75  N
02  49  44  101  36  N
03  210  11  5  4  A
04  204  0  15  11  A
05  17  5  201  7  G
06  208  5  8  9  A
07  203  9  8  10  A
08  34  138  34  24  C
09  99  0  2  129  A
10  52  24  46  108  N
11  39  46  81  64  N
XX
IC  0.129 0.119 1.439 1.370 1.269 1.388 1.283 0.393 0.940 0.189 0.048
XX
XL
00  29
01  16
02  8
03  9
04  9
05  10
06  3
07  8
08  44
09  57
10  37
XX
//
