AC  K562.METAP2.0
XX
TY  Motif
XX
ID  K562.METAP2.0
XX
NA  K562.METAP2.0
XX
DE  N=675, Consensus=NNGTCATCANN,NNGTCAACANN, Score=200.848490464159
P0  A  C  G  T
01  263  160  100  152  N
02  116  195  154  210  N
03  61  37  501  76  G
04  24  17  11  623  T
05  2  593  62  18  C
06  659  5  0  11  A
07  197  51  11  416  T
08  0  662  9  4  C
09  499  61  54  61  A
10  210  115  175  175  N
11  86  261  233  95  N
XX
IC  0.082 0.032 0.780 1.488 1.352 1.814 0.670 1.842 0.756 0.028 0.160
XX
XL
00  17
01  5
02  7
03  526
04  9
05  6
06  64
07  5
08  4
09  23
10  9
XX
//
