AC  K562.GTF2F1.4
XX
TY  Motif
XX
ID  K562.GTF2F1.4
XX
NA  K562.GTF2F1.4
XX
DE  N=1789, Consensus=NNTGGGAGGNN,NNTGGGAAGNN, Score=362.495921624209
P0  A  C  G  T
01  194  102  1268  225  N
02  205  173  1172  239  N
03  303  67  520  899  T
04  0  0  1783  6  G
05  0  0  1789  0  G
06  13  12  1764  0  G
07  1214  79  277  219  A
08  364  7  1391  27  G
09  23  30  1720  16  G
10  308  166  1127  188  N
11  466  224  837  262  N
XX
IC  0.687 0.527 0.370 1.966 1.999 1.879 0.633 1.127 1.704 0.482 0.199
XX
XL
00  45
01  42
02  108
03  55
04  202
05  345
06  12
07  9
08  186
09  672
10  113
XX
//
