AC  K562.SAFB2.7
XX
TY  Motif
XX
ID  K562.SAFB2.7
XX
NA  K562.SAFB2.7
XX
DE  N=437, Consensus=NNAGAGGCANN, Score=178.977447484778
P0  A  C  G  T
01  167  17  173  80  N
02  91  37  255  54  N
03  324  1  91  21  A
04  5  7  420  5  G
05  412  1  15  9  A
06  21  1  412  3  G
07  20  4  412  1  G
08  45  236  143  13  C
09  418  7  2  10  A
10  77  16  314  30  N
11  137  68  189  43  N
XX
IC  0.305 0.396 0.973 1.697 1.613 1.635 1.629 0.499 1.678 0.771 0.201
XX
XL
00  109
01  15
02  63
03  20
04  3
05  8
06  148
07  5
08  2
09  9
10  55
XX
//
