AC  K562.TAF15.7
XX
TY  Motif
XX
ID  K562.TAF15.7
XX
NA  K562.TAF15.7
XX
DE  N=16, Consensus=NNTAGAACGNN, Score=39.0748910817896
P0  A  C  G  T
01  1  1  2  12  N
02  0  0  7  9  N
03  1  1  0  14  T
04  16  0  0  0  A
05  0  0  16  0  G
06  16  0  0  0  A
07  16  0  0  0  A
08  3  10  1  2  C
09  5  2  8  1  G
10  1  6  4  5  N
11  4  3  7  2  N
XX
IC  0.678 0.876 1.196 1.865 1.865 1.865 1.865 0.363 0.215 0.060 0.015
XX
XL
00  9
01  4
02  0
03  0
04  0
05  0
06  0
07  1
08  0
09  1
10  1
XX
//
