AC  K562.SND1.4
XX
TY  Motif
XX
ID  K562.SND1.4
XX
NA  K562.SND1.4
XX
DE  N=172, Consensus=NNTATCATCNN, Score=86.3226479107923
P0  A  C  G  T
01  37  40  29  66  N
02  38  29  21  84  N
03  3  17  8  144  T
04  122  8  10  32  A
05  7  7  4  154  T
06  3  156  4  9  C
07  153  4  0  15  A
08  5  3  6  158  T
09  3  152  5  12  C
10  36  43  22  71  N
11  47  41  28  56  N
XX
IC  0.058 0.198 1.135 0.740 1.342 1.409 1.404 1.456 1.312 0.109 0.029
XX
XL
00  16
01  21
02  36
03  17
04  10
05  8
06  11
07  17
08  5
09  15
10  16
XX
//
