AC  K562.NCBP2.0
XX
TY  Motif
XX
ID  K562.NCBP2.0
XX
NA  K562.NCBP2.0
XX
DE  N=71, Consensus=NNGCCATTTNN, Score=66.6334830365826
P0  A  C  G  T
01  13  27  17  14  N
02  21  19  11  20  N
03  3  1  63  4  G
04  2  66  0  3  C
05  6  63  0  2  C
06  54  7  2  8  A
07  0  1  4  66  T
08  1  2  2  66  T
09  1  4  1  65  T
10  5  14  9  43  N
11  10  19  22  20  N
XX
IC  0.035 0.009 1.303 1.534 1.370 0.840 1.551 1.495 1.446 0.422 0.024
XX
XL
00  1
01  1
02  1
03  0
04  0
05  1
06  13
07  18
08  24
09  8
10  4
XX
//
