AC  K562.TBRG4.4
XX
TY  Motif
XX
ID  K562.TBRG4.4
XX
NA  K562.TBRG4.4
XX
DE  N=22, Consensus=NNGCGTGTCNN, Score=39.634342167274
P0  A  C  G  T
01  9  0  10  3  N
02  3  4  6  9  N
03  0  0  22  0  G
04  1  14  1  6  C
05  0  1  21  0  G
06  0  1  1  20  T
07  0  0  22  0  G
08  3  0  2  17  T
09  1  17  4  0  C
10  4  8  3  7  N
11  3  6  13  0  N
XX
IC  0.465 0.024 1.902 0.570 1.635 1.371 1.902 0.908 0.964 0.006 0.550
XX
XL
00  1
01  4
02  0
03  3
04  0
05  6
06  1
07  0
08  1
09  5
10  1
XX
//
