AC  K562.XRN2.5
XX
TY  Motif
XX
ID  K562.XRN2.5
XX
NA  K562.XRN2.5
XX
DE  N=91, Consensus=NNCCGGGCTNN, Score=70.7784828990511
P0  A  C  G  T
01  17  22  33  19  N
02  8  18  47  18  N
03  0  88  3  0  C
04  7  63  11  10  C
05  0  3  75  13  G
06  0  0  88  3  G
07  0  3  88  0  G
08  0  79  8  4  C
09  4  10  7  70  T
10  2  26  47  16  N
11  7  20  35  29  N
XX
IC  0.026 0.251 1.767 0.606 1.183 1.767 1.767 1.293 0.852 0.406 0.155
XX
XL
00  11
01  4
02  2
03  8
04  4
05  1
06  3
07  10
08  20
09  14
10  14
XX
//
