AC  K562.SRSF7.2
XX
TY  Motif
XX
ID  K562.SRSF7.2
XX
NA  K562.SRSF7.2
XX
DE  N=307, Consensus=NNCATCGAGNN, Score=151.54933525068
P0  A  C  G  T
01  71  70  94  72  N
02  102  64  47  94  N
03  0  307  0  0  C
04  222  2  28  55  A
05  1  5  3  298  T
06  2  291  7  7  C
07  9  34  258  6  G
08  263  5  8  31  A
09  13  36  237  21  G
10  107  48  112  40  N
11  108  57  80  62  N
XX
IC  0.005 0.056 1.993 0.848 1.762 1.624 1.170 1.234 0.884 0.131 0.040
XX
XL
00  8
01  18
02  3
03  1
04  270
05  3
06  1
07  1
08  0
09  1
10  1
XX
//
