AC  K562.PUS1.3
XX
TY  Motif
XX
ID  K562.PUS1.3
XX
NA  K562.PUS1.3
XX
DE  N=21, Consensus=NNTATACCCNN, Score=37.5467996159761
P0  A  C  G  T
01  8  4  1  8  N
02  4  3  3  11  N
03  0  0  2  19  T
04  15  0  2  4  A
05  1  0  0  20  T
06  18  1  2  0  A
07  2  17  2  0  C
08  0  21  0  0  C
09  1  18  0  2  C
10  7  2  2  10  N
11  5  2  3  11  N
XX
IC  0.171 0.151 1.443 0.771 1.621 1.174 1.004 1.897 1.174 0.213 0.191
XX
XL
00  2
01  4
02  8
03  0
04  2
05  1
06  0
07  2
08  1
09  0
10  1
XX
//
