AC  K562.PPIL4.5
XX
TY  Motif
XX
ID  K562.PPIL4.5
XX
NA  K562.PPIL4.5
XX
DE  N=50, Consensus=NNATCAGACNN, Score=49.7400147449685
P0  A  C  G  T
01  8  11  8  23  N
02  12  13  9  16  N
03  41  1  1  7  A
04  3  3  3  41  T
05  3  40  5  2  C
06  49  0  1  0  A
07  7  1  41  1  G
08  49  0  1  0  A
09  2  41  4  3  C
10  12  12  5  21  N
11  15  9  7  19  N
XX
IC  0.115 0.000 1.099 0.991 0.938 1.815 1.099 1.815 1.001 0.111 0.063
XX
XL
00  12
01  7
02  3
03  13
04  2
05  2
06  1
07  0
08  1
09  2
10  7
XX
//
