AC  K562.QKI.3
XX
TY  Motif
XX
ID  K562.QKI.3
XX
NA  K562.QKI.3
XX
DE  N=800, Consensus=NNCTACTAANN,NNTTACTAANN, Score=250.911680788892
P0  A  C  G  T
01  227  169  78  326  N
02  226  185  103  286  N
03  126  219  51  404  C
04  25  27  29  719  T
05  747  11  12  30  A
06  38  708  0  54  C
07  0  3  0  797  T
08  776  13  0  11  A
09  771  26  0  3  A
10  61  465  0  274  N
11  313  263  47  177  N
XX
IC  0.153 0.082 0.315 1.364 1.551 1.370 1.962 1.773 1.755 0.730 0.218
XX
XL
00  48
01  47
02  72
03  517
04  22
05  5
06  10
07  11
08  7
09  17
10  44
XX
//
