AC  K562.GPKOW.0
XX
TY  Motif
XX
ID  K562.GPKOW.0
XX
NA  K562.GPKOW.0
XX
DE  N=73, Consensus=NNTCTAGGTNN, Score=65.5885768472576
P0  A  C  G  T
01  5  10  12  46  N
02  13  6  7  47  N
03  0  0  1  72  T
04  3  47  5  18  C
05  5  3  2  63  T
06  62  0  5  6  A
07  0  0  70  3  G
08  0  0  70  3  G
09  5  5  4  59  T
10  25  17  14  17  N
11  17  24  19  13  N
XX
IC  0.465 0.497 1.866 0.609 1.191 1.209 1.723 1.723 0.963 0.005 0.004
XX
XL
00  16
01  18
02  8
03  2
04  6
05  2
06  10
07  1
08  4
09  1
10  5
XX
//
