AC  K562.NONO.5
XX
TY  Motif
XX
ID  K562.NONO.5
XX
NA  K562.NONO.5
XX
DE  N=771, Consensus=NNTCTGTGANN, Score=195.496547592016
P0  A  C  G  T
01  104  178  175  314  N
02  119  175  206  271  N
03  24  35  35  677  T
04  11  595  94  71  C
05  6  8  0  757  T
06  14  21  693  43  G
07  19  0  30  722  T
08  55  9  699  8  G
09  528  94  68  81  A
10  176  175  226  194  N
11  144  195  203  229  N
XX
IC  0.106 0.057 1.272 0.934 1.848 1.380 1.595 1.454 0.603 0.005 0.016
XX
XL
00  28
01  34
02  45
03  19
04  147
05  17
06  338
07  9
08  21
09  40
10  73
XX
//
