AC  K562.IGF2BP2.6
XX
TY  Motif
XX
ID  K562.IGF2BP2.6
XX
NA  K562.IGF2BP2.6
XX
DE  N=539, Consensus=NNCCCCAGCNN, Score=157.449005533173
P0  A  C  G  T
01  105  124  89  221  N
02  117  115  91  216  N
03  26  389  17  107  C
04  18  460  9  52  C
05  19  482  10  28  C
06  13  509  8  9  C
07  467  27  11  34  A
08  13  38  467  21  G
09  4  492  22  21  C
10  123  182  54  180  N
11  78  216  132  113  N
XX
IC  0.092 0.080 0.825 1.213 1.353 1.600 1.234 1.235 1.453 0.120 0.094
XX
XL
00  120
01  88
02  20
03  22
04  12
05  21
06  15
07  9
08  60
09  88
10  84
XX
//
