AC  K562.IGF2BP2.5
XX
TY  Motif
XX
ID  K562.IGF2BP2.5
XX
NA  K562.IGF2BP2.5
XX
DE  N=326, Consensus=NNCACCCAGNN, Score=123.694510179637
P0  A  C  G  T
01  52  93  51  130  N
02  48  84  46  148  N
03  12  269  14  31  C
04  256  22  3  45  A
05  10  286  15  15  C
06  19  297  0  10  C
07  4  302  8  12  C
08  282  11  5  28  A
09  10  12  288  16  G
10  49  128  98  51  N
11  68  110  65  83  N
XX
IC  0.107 0.166 1.071 1.000 1.265 1.478 1.507 1.251 1.292 0.113 0.026
XX
XL
00  94
01  32
02  59
03  3
04  9
05  13
06  26
07  10
08  4
09  33
10  43
XX
//
