AC  K562.IGF2BP1.6
XX
TY  Motif
XX
ID  K562.IGF2BP1.6
XX
NA  K562.IGF2BP1.6
XX
DE  N=254, Consensus=NNTCCACAANN, Score=112.733981766243
P0  A  C  G  T
01  61  69  13  111  N
02  40  50  25  139  N
03  3  3  0  248  T
04  0  216  5  33  C
05  16  206  4  28  C
06  227  13  4  10  A
07  19  211  14  10  C
08  229  13  3  9  A
09  199  11  21  23  A
10  67  67  61  59  N
11  56  77  57  64  N
XX
IC  0.245 0.305 1.807 1.299 1.050 1.349 1.075 1.391 0.908 0.000 0.004
XX
XL
00  42
01  68
02  64
03  1
04  28
05  5
06  5
07  6
08  10
09  8
10  17
XX
//
