AC  K562.BUD13.5
XX
TY  Motif
XX
ID  K562.BUD13.5
XX
NA  K562.BUD13.5
XX
DE  N=2431, Consensus=NNTTTGCAGNN, Score=387.824506838588
P0  A  C  G  T
01  384  471  332  1244  N
02  226  513  183  1509  N
03  13  51  24  2343  T
04  23  107  53  2248  T
05  19  0  56  2356  T
06  217  247  1533  434  G
07  158  1878  134  261  C
08  2263  26  15  127  A
09  61  37  2247  86  G
10  818  411  761  441  N
11  595  479  622  735  N
XX
IC  0.233 0.499 1.725 1.512 1.775 0.490 0.879 1.565 1.498 0.066 0.015
XX
XL
00  113
01  376
02  1142
03  235
04  351
05  12
06  13
07  25
08  59
09  51
10  54
XX
//
