AC  K562.SND1.1
XX
TY  Motif
XX
ID  K562.SND1.1
XX
NA  K562.SND1.1
XX
DE  N=123, Consensus=NNTACCTACNN, Score=73.318103356691
P0  A  C  G  T
01  30  26  19  48  N
02  23  35  18  47  N
03  3  10  5  105  T
04  99  2  5  17  A
05  7  104  4  8  C
06  5  110  2  6  C
07  5  4  1  113  T
08  103  4  12  4  A
09  6  111  2  4  C
10  35  29  18  41  N
11  28  25  31  39  N
XX
IC  0.066 0.078 1.175 1.051 1.125 1.341 1.465 1.119 1.379 0.041 0.003
XX
XL
00  17
01  14
02  23
03  6
04  5
05  2
06  32
07  2
08  1
09  13
10  8
XX
//
