AC  K562.TIA1.6
XX
TY  Motif
XX
ID  K562.TIA1.6
XX
NA  K562.TIA1.6
XX
DE  N=736, Consensus=NNTCGGGTCNN, Score=187.138101990651
P0  A  C  G  T
01  99  130  233  274  N
02  168  160  149  259  N
03  9  26  22  679  T
04  73  412  161  90  C
05  35  22  581  98  G
06  11  0  707  18  G
07  8  16  704  8  G
08  9  27  51  649  T
09  0  704  16  16  C
10  108  231  95  302  N
11  72  236  237  191  N
XX
IC  0.110 0.035 1.490 0.347 0.980 1.720 1.674 1.318 1.696 0.157 0.111
XX
XL
00  80
01  146
02  76
03  81
04  74
05  71
06  43
07  113
08  29
09  6
10  17
XX
//
