AC  K562.FXR2.7
XX
TY  Motif
XX
ID  K562.FXR2.7
XX
NA  K562.FXR2.7
XX
DE  N=44, Consensus=NNACGGCACNN, Score=46.2106781861152
P0  A  C  G  T
01  6  16  9  13  N
02  9  8  13  14  N
03  37  5  1  1  A
04  1  32  5  6  C
05  6  1  33  4  G
06  1  2  41  0  G
07  0  44  0  0  C
08  38  2  2  2  A
09  0  40  0  4  C
10  11  11  7  15  N
11  3  7  20  14  N
XX
IC  0.040 0.000 1.136 0.744 0.809 1.529 1.951 1.160 1.511 0.000 0.222
XX
XL
00  3
01  13
02  3
03  1
04  2
05  1
06  2
07  3
08  4
09  4
10  8
XX
//
