AC  K562.GTF2F1.3
XX
TY  Motif
XX
ID  K562.GTF2F1.3
XX
NA  K562.GTF2F1.3
XX
DE  N=1243, Consensus=NNGGTGGGTNN, Score=322.595939060162
P0  A  C  G  T
01  169  70  734  270  N
02  116  38  937  152  N
03  8  0  1216  19  G
04  11  3  1212  17  G
05  89  34  110  1010  T
06  6  0  1222  15  G
07  6  7  1210  20  G
08  27  17  1174  25  G
09  137  77  455  574  T
10  215  194  632  202  N
11  179  259  556  249  N
XX
IC  0.446 0.847 1.828 1.797 1.031 1.860 1.785 1.602 0.354 0.220 0.140
XX
XL
00  63
01  39
02  44
03  46
04  41
05  22
06  94
07  758
08  30
09  16
10  90
XX
//
