AC  K562.FXR2.6
XX
TY  Motif
XX
ID  K562.FXR2.6
XX
NA  K562.FXR2.6
XX
DE  N=115, Consensus=NNCGAGCTGNN, Score=70.4432710481684
P0  A  C  G  T
01  26  23  31  35  N
02  27  25  36  27  N
03  5  85  10  15  C
04  12  9  92  2  G
05  96  5  6  8  A
06  0  3  110  2  G
07  8  98  6  3  C
08  3  4  5  103  T
09  0  3  111  1  G
10  16  36  38  25  N
11  20  28  33  34  N
XX
IC  0.000 0.000 0.772 0.994 1.077 1.681 1.157 1.336 1.735 0.054 0.009
XX
XL
00  22
01  9
02  16
03  2
04  2
05  2
06  8
07  23
08  1
09  15
10  15
XX
//
