AC  K562.EFTUD2.3
XX
TY  Motif
XX
ID  K562.EFTUD2.3
XX
NA  K562.EFTUD2.3
XX
DE  N=159, Consensus=NNTGTAAGTNN,NNAGTAAGTNN, Score=88.488963465434
P0  A  C  G  T
01  43  24  24  68  N
02  29  23  52  55  N
03  33  5  17  104  T
04  0  2  140  17  G
05  3  0  4  152  T
06  127  2  25  5  A
07  132  0  4  23  A
08  9  6  132  12  G
09  0  3  4  152  T
10  38  20  64  37  N
11  27  32  39  61  N
XX
IC  0.129 0.078 0.613 1.400 1.683 1.071 1.226 1.069 1.683 0.099 0.059
XX
XL
00  10
01  17
02  71
03  1
04  4
05  0
06  14
07  3
08  11
09  13
10  15
XX
//
