AC  K562.SRSF7.8
XX
TY  Motif
XX
ID  K562.SRSF7.8
XX
NA  K562.SRSF7.8
XX
DE  N=65, Consensus=NNAGAAACGNN, Score=64.9103759292424
P0  A  C  G  T
01  16  7  17  25  N
02  20  21  20  4  N
03  57  2  1  5  A
04  0  0  65  0  G
05  62  0  3  0  A
06  58  0  5  2  A
07  61  0  4  0  A
08  6  50  6  3  C
09  3  8  39  15  G
10  9  5  13  38  N
11  7  35  14  9  N
XX
IC  0.086 0.146 1.269 1.967 1.697 1.381 1.633 0.836 0.460 0.370 0.268
XX
XL
00  17
01  2
02  2
03  1
04  0
05  1
06  0
07  3
08  4
09  28
10  7
XX
//
