AC  K562.SRSF7.0
XX
TY  Motif
XX
ID  K562.SRSF7.0
XX
NA  K562.SRSF7.0
XX
DE  N=349, Consensus=NNGAACTTCNN, Score=165.932942484086
P0  A  C  G  T
01  118  73  97  61  N
02  158  31  71  89  N
03  31  16  296  6  G
04  279  15  40  15  A
05  251  23  28  47  A
06  0  336  3  10  C
07  27  0  34  288  T
08  2  0  0  347  T
09  0  345  4  0  C
10  118  46  89  96  N
11  111  53  117  68  N
XX
IC  0.039 0.196 1.177 0.987 0.712 1.735 1.152 1.943 1.903 0.065 0.067
XX
XL
00  7
01  2
02  1
03  0
04  0
05  2
06  4
07  315
08  0
09  4
10  14
XX
//
