AC  K562.PPIL4.1
XX
TY  Motif
XX
ID  K562.PPIL4.1
XX
NA  K562.PPIL4.1
XX
DE  N=48, Consensus=NNTCGAACANN, Score=59.9066427932222
P0  A  C  G  T
01  10  8  2  28  N
02  4  4  4  36  N
03  0  0  0  48  T
04  6  25  4  13  C
05  6  6  29  7  G
06  48  0  0  0  A
07  48  0  0  0  A
08  3  45  0  0  C
09  45  0  0  3  A
10  9  9  17  13  N
11  12  12  14  10  N
XX
IC  0.408 0.747 1.955 0.281 0.361 1.955 1.955 1.618 1.618 0.009 0.000
XX
XL
00  8
01  9
02  18
03  4
04  1
05  0
06  0
07  0
08  0
09  1
10  7
XX
//
