AC  K562.RBM22.2
XX
TY  Motif
XX
ID  K562.RBM22.2
XX
NA  K562.RBM22.2
XX
DE  N=88, Consensus=NNTAAGTCTNN, Score=69.6997638799428
P0  A  C  G  T
01  24  15  14  35  N
02  13  17  16  42  N
03  4  2  2  80  T
04  73  2  8  5  A
05  80  0  2  6  A
06  7  4  70  7  G
07  4  1  1  82  T
08  5  69  5  9  C
09  1  3  0  84  T
10  4  12  16  56  N
11  18  10  20  40  N
XX
IC  0.078 0.153 1.400 1.078 1.462 0.929 1.531 0.894 1.672 0.519 0.148
XX
XL
00  10
01  4
02  13
03  0
04  4
05  1
06  5
07  2
08  10
09  27
10  12
XX
//
