AC  K562.NPM1.2
XX
TY  Motif
XX
ID  K562.NPM1.2
XX
NA  K562.NPM1.2
XX
DE  N=57, Consensus=NNGCCAGATNN, Score=58.0132193517484
P0  A  C  G  T
01  14  13  18  12  N
02  24  4  20  9  N
03  6  3  40  8  G
04  1  50  3  3  C
05  1  56  0  0  C
06  56  0  0  1  A
07  1  4  51  1  G
08  52  2  1  2  A
09  3  2  3  49  T
10  5  28  11  13  N
11  7  8  34  8  N
XX
IC  0.000 0.217 0.640 1.247 1.835 1.835 1.345 1.400 1.158 0.206 0.351
XX
XL
00  15
01  11
02  8
03  2
04  5
05  0
06  3
07  3
08  3
09  3
10  4
XX
//
