AC  K562.FAM120A.3
XX
TY  Motif
XX
ID  K562.FAM120A.3
XX
NA  K562.FAM120A.3
XX
DE  N=86, Consensus=NNACCCATTNN, Score=66.5124670662983
P0  A  C  G  T
01  14  20  17  35  N
02  18  22  14  32  N
03  65  12  1  8  A
04  5  76  3  2  C
05  5  77  0  4  C
06  0  83  0  3  C
07  64  8  1  13  A
08  2  3  2  79  T
09  3  0  2  81  T
10  13  22  18  33  N
11  20  25  13  28  N
XX
IC  0.069 0.042 0.880 1.284 1.388 1.757 0.852 1.441 1.598 0.057 0.028
XX
XL
00  3
01  9
02  1
03  0
04  0
05  4
06  4
07  17
08  22
09  12
10  14
XX
//
