AC  K562.ILF3.1
XX
TY  Motif
XX
ID  K562.ILF3.1
XX
NA  K562.ILF3.1
XX
DE  N=205, Consensus=NNCACTTCCNN, Score=131.423356770101
P0  A  C  G  T
01  13  73  18  101  N
02  13  94  5  93  N
03  2  198  2  3  C
04  81  97  1  26  A
05  0  191  2  12  C
06  0  4  1  200  T
07  1  2  4  198  T
08  9  171  2  23  C
09  1  200  0  4  C
10  22  105  2  76  N
11  25  76  18  86  N
XX
IC  0.395 0.573 1.722 0.534 1.590 1.806 1.728 1.154 1.806 0.554 0.255
XX
XL
00  29
01  0
02  1
03  1
04  8
05  83
06  28
07  3
08  4
09  11
10  37
XX
//
