AC  K562.NCBP2.7
XX
TY  Motif
XX
ID  K562.NCBP2.7
XX
NA  K562.NCBP2.7
XX
DE  N=20, Consensus=NNCGGTCGCNN, Score=38.8862322361154
P0  A  C  G  T
01  3  4  10  3  N
02  1  4  15  0  N
03  0  17  2  1  C
04  0  1  19  0  G
05  0  0  20  0  G
06  0  4  5  11  T
07  0  17  3  0  C
08  0  1  18  1  G
09  0  18  1  1  C
10  0  9  7  4  N
11  3  4  12  1  N
XX
IC  0.106 0.900 1.144 1.605 1.892 0.453 1.282 1.323 1.323 0.379 0.359
XX
XL
00  1
01  3
02  6
03  2
04  1
05  0
06  1
07  1
08  3
09  0
10  2
XX
//
