AC  K562.XRN2.6
XX
TY  Motif
XX
ID  K562.XRN2.6
XX
NA  K562.XRN2.6
XX
DE  N=202, Consensus=NNCGGGGCGNN, Score=106.91490410812
P0  A  C  G  T
01  25  43  94  40  N
02  9  45  120  28  N
03  6  154  30  12  C
04  2  7  188  5  G
05  4  5  191  2  G
06  2  2  190  8  G
07  4  8  186  4  G
08  23  141  20  18  C
09  2  9  180  11  G
10  12  45  120  25  N
11  10  53  113  26  N
XX
IC  0.165 0.465 0.890 1.527 1.603 1.590 1.471 0.629 1.347 0.445 0.419
XX
XL
00  24
01  11
02  11
03  36
04  15
05  23
06  8
07  6
08  13
09  27
10  28
XX
//
