AC  K562.LSM11.5
XX
TY  Motif
XX
ID  K562.LSM11.5
XX
NA  K562.LSM11.5
XX
DE  N=195, Consensus=NNTGTAACANN, Score=109.21229412675
P0  A  C  G  T
01  48  22  18  107  N
02  33  29  7  126  N
03  0  0  0  195  T
04  14  8  127  46  G
05  18  2  4  171  T
06  178  6  8  3  A
07  178  3  11  3  A
08  18  157  12  8  C
09  184  4  0  7  A
10  55  35  74  31  N
11  54  35  60  46  N
XX
IC  0.344 0.567 1.989 0.633 1.323 1.433 1.449 0.983 1.623 0.077 0.016
XX
XL
00  40
01  35
02  61
03  19
04  12
05  7
06  2
07  1
08  2
09  6
10  10
XX
//
