AC  K562.HNRNPM.1
XX
TY  Motif
XX
ID  K562.HNRNPM.1
XX
NA  K562.HNRNPM.1
XX
DE  N=995, Consensus=NNCTGTGGTNN, Score=215.397895494077
P0  A  C  G  T
01  145  147  254  449  N
02  107  118  273  497  N
03  41  760  65  129  C
04  32  6  8  949  T
05  8  33  882  72  G
06  24  8  32  931  T
07  8  8  902  77  G
08  32  33  840  90  G
09  43  53  125  774  T
10  146  151  430  268  N
11  129  185  323  358  N
XX
IC  0.164 0.275 0.872 1.673 1.351 1.563 1.472 1.156 0.919 0.146 0.107
XX
XL
00  173
01  77
02  66
03  93
04  89
05  118
06  15
07  75
08  105
09  101
10  83
XX
//
