AC  K562.IGF2BP1.8
XX
TY  Motif
XX
ID  K562.IGF2BP1.8
XX
NA  K562.IGF2BP1.8
XX
DE  N=314, Consensus=NNATTCAACNN, Score=122.746686262653
P0  A  C  G  T
01  97  75  25  117  N
02  77  59  44  134  N
03  232  25  5  52  A
04  6  14  4  290  T
05  12  2  5  295  T
06  8  284  3  19  C
07  268  27  0  19  A
08  257  14  13  30  A
09  27  271  12  4  C
10  110  69  29  106  N
11  71  72  72  99  N
XX
IC  0.155 0.121 0.855 1.498 1.587 1.418 1.249 1.043 1.245 0.136 0.009
XX
XL
00  5
01  35
02  34
03  98
04  43
05  6
06  18
07  3
08  3
09  49
10  20
XX
//
