AC  K562.FMR1.8
XX
TY  Motif
XX
ID  K562.FMR1.8
XX
NA  K562.FMR1.8
XX
DE  N=103, Consensus=NNGACGCCCNN, Score=70.0424365244342
P0  A  C  G  T
01  19  26  16  42  N
02  30  14  21  38  N
03  3  3  89  8  G
04  82  12  5  4  A
05  10  71  6  16  C
06  1  8  88  6  G
07  3  97  3  0  C
08  0  100  2  1  C
09  3  94  3  3  C
10  21  33  27  22  N
11  19  31  38  15  N
XX
IC  0.083 0.071 1.213 0.962 0.626 1.195 1.600 1.762 1.413 0.003 0.072
XX
XL
00  43
01  8
02  14
03  6
04  9
05  2
06  1
07  2
08  3
09  7
10  8
XX
//
