AC  K562.SRSF1.0
XX
TY  Motif
XX
ID  K562.SRSF1.0
XX
NA  K562.SRSF1.0
XX
DE  N=604, Consensus=NNTGGATCTNN, Score=201.753242101618
P0  A  C  G  T
01  102  177  124  201  N
02  68  331  96  109  N
03  49  14  22  519  T
04  0  5  585  14  G
05  13  13  571  7  G
06  576  12  9  7  A
07  26  122  105  351  T
08  12  549  22  21  C
09  20  28  19  537  T
10  49  89  383  83  N
11  93  132  257  122  N
XX
IC  0.047 0.299 1.214 1.769 1.607 1.654 0.441 1.416 1.320 0.485 0.111
XX
XL
00  36
01  39
02  265
03  1
04  5
05  4
06  7
07  5
08  219
09  9
10  14
XX
//
