AC  K562.GTF2F1.0
XX
TY  Motif
XX
ID  K562.GTF2F1.0
XX
NA  K562.GTF2F1.0
XX
DE  N=1172, Consensus=NNGGGTGGTNN, Score=311.325016803794
P0  A  C  G  T
01  99  95  744  234  N
02  187  56  662  267  N
03  8  0  1131  33  G
04  0  0  1163  9  G
05  0  7  1152  13  G
06  87  12  110  963  T
07  4  4  1154  10  G
08  3  15  1145  9  G
09  94  46  615  417  T
10  161  133  665  213  N
11  211  187  584  190  N
XX
IC  0.523 0.414 1.754 1.933 1.858 1.099 1.862 1.809 0.504 0.337 0.204
XX
XL
00  29
01  82
02  32
03  87
04  116
05  39
06  20
07  189
08  508
09  21
10  49
XX
//
