AC  K562.ILF3.5
XX
TY  Motif
XX
ID  K562.ILF3.5
XX
NA  K562.ILF3.5
XX
DE  N=217, Consensus=NNCCCATCCNN, Score=139.596781664816
P0  A  C  G  T
01  13  75  18  111  N
02  6  90  11  110  N
03  1  212  0  4  C
04  0  212  0  5  C
05  0  211  0  6  C
06  61  53  6  97  A
07  0  19  3  195  T
08  0  210  1  6  C
09  1  206  0  10  C
10  13  137  2  65  N
11  27  92  22  76  N
XX
IC  0.424 0.605 1.815 1.832 1.808 0.316 1.458 1.765 1.678 0.745 0.226
XX
XL
00  49
01  2
02  1
03  0
04  10
05  67
06  22
07  1
08  6
09  17
10  42
XX
//
