AC  K562.SRSF7.9
XX
TY  Motif
XX
ID  K562.SRSF7.9
XX
NA  K562.SRSF7.9
XX
DE  N=169, Consensus=NNGAGATCTNN, Score=104.362798434524
P0  A  C  G  T
01  52  31  23  63  N
02  34  33  52  50  N
03  6  17  142  4  G
04  164  1  1  3  A
05  9  33  124  3  G
06  156  8  1  4  A
07  12  15  4  138  T
08  0  155  4  10  C
09  8  8  6  147  T
10  7  21  27  114  N
11  17  105  22  25  N
XX
IC  0.093 0.019 1.144 1.754 0.871 1.501 1.040 1.504 1.225 0.617 0.437
XX
XL
00  20
01  10
02  1
03  0
04  0
05  1
06  28
07  3
08  9
09  85
10  12
XX
//
