AC  K562.HLTF.4
XX
TY  Motif
XX
ID  K562.HLTF.4
XX
NA  K562.HLTF.4
XX
DE  N=324, Consensus=NNAAACAAGNN, Score=122.726987272217
P0  A  C  G  T
01  110  43  59  112  N
02  126  28  67  103  N
03  289  3  21  11  A
04  299  6  12  7  A
05  289  12  15  8  A
06  38  241  38  7  C
07  304  7  5  8  A
08  295  0  16  13  A
09  37  12  251  24  G
10  117  57  69  81  N
11  118  49  67  90  N
XX
IC  0.100 0.162 1.362 1.484 1.333 0.831 1.563 1.470 0.896 0.046 0.067
XX
XL
00  52
01  92
02  16
03  12
04  1
05  30
06  9
07  18
08  36
09  20
10  38
XX
//
