AC  K562.HNRNPK.2
XX
TY  Motif
XX
ID  K562.HNRNPK.2
XX
NA  K562.HNRNPK.2
XX
DE  N=169, Consensus=NNCATCCCTNN, Score=104.927318613969
P0  A  C  G  T
01  23  84  15  47  N
02  16  93  12  48  N
03  1  164  1  3  C
04  80  39  9  41  A
05  4  19  4  142  T
06  0  163  0  6  C
07  1  165  0  3  C
08  0  163  2  4  C
09  7  14  2  146  T
10  11  46  38  74  N
11  16  59  22  72  N
XX
IC  0.271 0.404 1.754 0.267 1.166 1.766 1.806 1.733 1.241 0.214 0.228
XX
XL
00  18
01  4
02  1
03  30
04  9
05  2
06  2
07  5
08  28
09  49
10  21
XX
//
