AC  K562.BUD13.0
XX
TY  Motif
XX
ID  K562.BUD13.0
XX
NA  K562.BUD13.0
XX
DE  N=2069, Consensus=NNTTTCAGGNN, Score=326.689702408271
P0  A  C  G  T
01  313  383  243  1130  N
02  241  341  224  1263  N
03  45  73  42  1909  T
04  20  57  53  1939  T
05  94  145  149  1681  T
06  123  1574  105  267  C
07  1952  8  6  103  A
08  91  11  1914  53  G
09  217  91  1635  126  G
10  532  372  428  737  N
11  624  412  535  498  N
XX
IC  0.297 0.427 1.487 1.568 1.011 0.857 1.649 1.521 0.945 0.049 0.015
XX
XL
00  330
01  529
02  298
03  354
04  90
05  27
06  50
07  215
08  89
09  26
10  61
XX
//
