AC  K562.SAFB2.3
XX
TY  Motif
XX
ID  K562.SAFB2.3
XX
NA  K562.SAFB2.3
XX
DE  N=610, Consensus=NNGGAAAGANN, Score=189.123752056623
P0  A  C  G  T
01  267  55  157  131  N
02  219  0  252  139  N
03  30  0  544  36  G
04  16  3  581  10  G
05  560  6  40  4  A
06  446  11  145  8  A
07  458  0  139  13  A
08  26  9  554  21  G
09  534  12  54  10  A
10  212  55  284  59  N
11  214  65  253  78  N
XX
IC  0.181 0.453 1.394 1.657 1.512 0.987 1.081 1.419 1.310 0.314 0.216
XX
XL
00  84
01  74
02  159
03  116
04  17
05  7
06  11
07  30
08  32
09  21
10  59
XX
//
