AC  K562.HNRNPA1.3
XX
TY  Motif
XX
ID  K562.HNRNPA1.3
XX
NA  K562.HNRNPA1.3
XX
DE  N=787, Consensus=NNAGTTCAGNN, Score=215.197577400681
P0  A  C  G  T
01  166  76  378  167  N
02  187  142  314  144  N
03  741  4  15  27  A
04  24  23  692  48  G
05  48  63  55  621  T
06  24  40  62  661  T
07  69  578  57  83  C
08  766  1  2  18  A
09  15  5  748  19  G
10  140  106  421  120  N
11  220  134  327  106  N
XX
IC  0.215 0.082 1.601 1.285 0.922 1.125 0.746 1.800 1.643 0.268 0.132
XX
XL
00  244
01  3
02  5
03  8
04  160
05  32
06  2
07  4
08  55
09  267
10  7
XX
//
