AC  K562.U2AF2.1
XX
TY  Motif
XX
ID  K562.U2AF2.1
XX
NA  K562.U2AF2.1
XX
DE  N=737, Consensus=NNTCTAGGTNN, Score=206.042336205571
P0  A  C  G  T
01  116  165  50  406  N
02  73  129  46  489  N
03  11  17  4  705  T
04  28  429  59  221  C
05  10  35  2  690  T
06  635  6  13  83  A
07  12  2  706  17  G
08  19  31  653  34  G
09  32  24  21  660  T
10  131  145  166  295  N
11  97  241  179  220  N
XX
IC  0.357 0.584 1.679 0.551 1.592 1.298 1.692 1.309 1.351 0.080 0.068
XX
XL
00  73
01  194
02  90
03  43
04  99
05  19
06  5
07  29
08  62
09  65
10  58
XX
//
