AC  K562.PTBP1.5
XX
TY  Motif
XX
ID  K562.PTBP1.5
XX
NA  K562.PTBP1.5
XX
DE  N=4153, Consensus=NNCTCTTCTNN,NNTTCTTCTNN, Score=525.407999098702
P0  A  C  G  T
01  208  1385  116  2444  N
02  190  974  109  2880  N
03  12  1299  13  2829  C
04  31  198  29  3895  T
05  59  2881  73  1140  C
06  51  174  0  3928  T
07  59  261  32  3801  T
08  42  3014  21  1076  C
09  58  330  0  3765  T
10  259  1245  389  2260  N
11  347  1252  253  2301  N
XX
IC  0.660 0.801 1.047 1.601 0.932 1.654 1.490 1.053 1.495 0.431 0.461
XX
XL
00  219
01  166
02  329
03  369
04  312
05  291
06  677
07  353
08  318
09  747
10  372
XX
//
