AC  K562.EFTUD2.5
XX
TY  Motif
XX
ID  K562.EFTUD2.5
XX
NA  K562.EFTUD2.5
XX
DE  N=73, Consensus=NNTAAGGTANN, Score=62.9884182031532
P0  A  C  G  T
01  16  20  13  24  N
02  16  12  12  33  N
03  8  5  11  49  T
04  57  7  7  2  A
05  67  2  0  4  A
06  7  0  62  4  G
07  0  3  70  0  G
08  2  0  1  70  T
09  67  0  3  3  A
10  26  13  17  17  N
11  19  10  28  16  N
XX
IC  0.008 0.116 0.558 0.901 1.485 1.216 1.723 1.685 1.478 0.017 0.062
XX
XL
00  8
01  4
02  2
03  3
04  6
05  39
06  2
07  3
08  3
09  3
10  0
XX
//
