AC  K562.HLTF.6
XX
TY  Motif
XX
ID  K562.HLTF.6
XX
NA  K562.HLTF.6
XX
DE  N=446, Consensus=NNAATGAAGNN, Score=145.920797788204
P0  A  C  G  T
01  193  42  99  112  N
02  158  56  127  105  N
03  350  12  63  21  A
04  397  14  8  27  A
05  38  0  24  384  T
06  16  8  400  22  G
07  387  16  36  7  A
08  409  0  15  22  A
09  39  19  369  19  G
10  222  54  85  85  N
11  167  47  104  128  N
XX
IC  0.169 0.082 0.974 1.340 1.280 1.364 1.258 1.502 1.074 0.214 0.116
XX
XL
00  33
01  48
02  35
03  9
04  163
05  21
06  5
07  15
08  30
09  37
10  50
XX
//
