AC  K562.PTBP1.3
XX
TY  Motif
XX
ID  K562.PTBP1.3
XX
NA  K562.PTBP1.3
XX
DE  N=2774, Consensus=NNCCTTTCTNN, Score=506.283235616132
P0  A  C  G  T
01  98  505  51  2120  N
02  92  594  93  1995  N
03  58  1563  29  1124  C
04  34  2219  5  516  C
05  5  28  0  2741  T
06  9  61  23  2681  T
07  7  226  4  2537  T
08  26  2560  25  163  C
09  13  170  0  2591  T
10  101  828  199  1646  N
11  158  809  126  1681  N
XX
IC  0.979 0.854 0.819 1.196 1.899 1.746 1.551 1.528 1.624 0.585 0.605
XX
XL
00  132
01  43
02  46
03  103
04  233
05  816
06  234
07  208
08  173
09  563
10  223
XX
//
