AC  K562.FXR1.0
XX
TY  Motif
XX
ID  K562.FXR1.0
XX
NA  K562.FXR1.0
XX
DE  N=184, Consensus=NNCTATGACNN, Score=94.5590083120764
P0  A  C  G  T
01  47  31  40  66  N
02  63  27  30  64  N
03  9  146  11  18  C
04  4  5  2  173  T
05  139  5  8  32  A
06  5  5  4  170  T
07  4  0  170  10  G
08  168  4  4  8  A
09  6  152  15  11  C
10  45  59  33  47  N
11  50  38  48  48  N
XX
IC  0.043 0.096 0.939 1.572 0.906 1.480 1.534 1.432 1.062 0.018 0.000
XX
XL
00  18
01  3
02  2
03  66
04  15
05  46
06  4
07  5
08  0
09  12
10  13
XX
//
