AC  K562.NPM1.6
XX
TY  Motif
XX
ID  K562.NPM1.6
XX
NA  K562.NPM1.6
XX
DE  N=23, Consensus=NNCTCTGAGNN, Score=39.8172097478535
P0  A  C  G  T
01  5  1  11  6  N
02  0  7  6  10  N
03  0  22  0  1  C
04  0  1  0  22  T
05  1  20  2  0  C
06  0  0  1  22  T
07  0  0  21  2  G
08  14  1  4  4  A
09  2  1  19  1  G
10  5  10  5  3  N
11  0  5  6  12  N
XX
IC  0.216 0.355 1.648 1.648 1.228 1.648 1.480 0.396 0.978 0.043 0.432
XX
XL
00  1
01  0
02  2
03  2
04  0
05  9
06  1
07  2
08  4
09  2
10  0
XX
//
