AC  K562.HNRNPK.4
XX
TY  Motif
XX
ID  K562.HNRNPK.4
XX
NA  K562.HNRNPK.4
XX
DE  N=127, Consensus=NNCCCAGTCNN, Score=90.3787132923532
P0  A  C  G  T
01  22  35  26  44  N
02  18  35  13  61  N
03  0  119  2  6  C
04  2  118  1  6  C
05  2  118  2  5  C
06  89  9  1  28  A
07  2  13  102  10  G
08  4  9  5  109  T
09  1  120  0  6  C
10  10  85  4  28  N
11  26  60  3  38  N
XX
IC  0.034 0.226 1.593 1.527 1.512 0.817 1.009 1.182 1.643 0.668 0.355
XX
XL
00  39
01  7
02  1
03  0
04  2
05  8
06  37
07  13
08  2
09  8
10  10
XX
//
