AC  K562.UCHL5.0
XX
TY  Motif
XX
ID  K562.UCHL5.0
XX
NA  K562.UCHL5.0
XX
DE  N=223, Consensus=NNCAAGCAANN, Score=100.616502252692
P0  A  C  G  T
01  81  37  40  65  N
02  56  39  55  73  N
03  8  177  33  5  C
04  201  15  0  7  A
05  211  0  5  7  A
06  10  11  195  7  G
07  24  186  10  3  C
08  202  16  2  3  A
09  174  5  29  15  A
10  58  27  95  43  N
11  56  43  54  70  N
XX
IC  0.067 0.024 1.023 1.437 1.635 1.249 1.141 1.444 0.944 0.134 0.012
XX
XL
00  17
01  19
02  66
03  5
04  5
05  2
06  30
07  6
08  13
09  25
10  35
XX
//
