AC  K562.SMNDC1.3
XX
TY  Motif
XX
ID  K562.SMNDC1.3
XX
NA  K562.SMNDC1.3
XX
DE  N=118, Consensus=NNCTGACACNN, Score=73.468953129754
P0  A  C  G  T
01  20  30  20  48  N
02  26  31  29  32  N
03  3  104  2  9  C
04  4  0  0  114  T
05  3  0  110  5  G
06  91  11  9  7  A
07  3  96  6  13  C
08  102  8  0  8  A
09  0  101  7  10  C
10  22  32  17  47  N
11  18  26  31  43  N
XX
IC  0.083 0.000 1.304 1.768 1.559 0.849 1.036 1.273 1.246 0.088 0.050
XX
XL
00  14
01  19
02  11
03  26
04  11
05  1
06  5
07  4
08  4
09  11
10  12
XX
//
