AC  K562.BUD13.1
XX
TY  Motif
XX
ID  K562.BUD13.1
XX
NA  K562.BUD13.1
XX
DE  N=276, Consensus=NNTTCGAACNN, Score=131.797796794616
P0  A  C  G  T
01  69  41  30  136  N
02  37  73  26  140  N
03  4  3  0  269  T
04  0  2  0  274  T
05  27  139  37  73  C
06  36  25  188  27  G
07  272  0  0  4  A
08  261  4  8  3  A
09  11  256  6  3  C
10  112  62  17  85  N
11  52  69  103  52  N
XX
IC  0.232 0.278 1.797 1.930 0.270 0.590 1.883 1.608 1.515 0.209 0.054
XX
XL
00  23
01  43
02  69
03  99
04  15
05  1
06  2
07  1
08  0
09  13
10  10
XX
//
