AC  K562.SRSF1.1
XX
TY  Motif
XX
ID  K562.SRSF1.1
XX
NA  K562.SRSF1.1
XX
DE  N=728, Consensus=NNATGGACTNN,NNATGGACCNN, Score=209.796850408718
P0  A  C  G  T
01  220  192  138  178  N
02  88  244  205  191  N
03  302  328  40  58  A
04  48  5  30  645  T
05  0  0  716  12  G
06  25  0  703  0  G
07  714  0  0  14  A
08  15  647  39  27  C
09  21  392  10  305  T
10  134  166  157  271  N
11  76  121  392  139  N
XX
IC  0.017 0.079 0.431 1.345 1.876 1.781 1.860 1.328 0.758 0.053 0.289
XX
XL
00  26
01  31
02  35
03  390
04  4
05  7
06  1
07  1
08  163
09  43
10  27
XX
//
