AC  K562.ILF3.4
XX
TY  Motif
XX
ID  K562.ILF3.4
XX
NA  K562.ILF3.4
XX
DE  N=581, Consensus=NNCCCTCTTNN, Score=189.325795030707
P0  A  C  G  T
01  58  210  66  247  N
02  62  179  58  282  N
03  16  487  14  64  C
04  17  511  3  50  C
05  21  498  2  60  C
06  15  44  6  516  T
07  4  466  14  97  C
08  4  47  2  528  T
09  3  30  14  534  T
10  40  138  57  346  N
11  68  200  49  264  N
XX
IC  0.253 0.290 1.160 1.341 1.266 1.358 1.131 1.500 1.495 0.464 0.286
XX
XL
00  34
01  8
02  9
03  2
04  8
05  16
06  40
07  113
08  191
09  88
10  72
XX
//
