AC  K562.ZNF622.0
XX
TY  Motif
XX
ID  K562.ZNF622.0
XX
NA  K562.ZNF622.0
XX
DE  N=514, Consensus=NNCAAGCAANN,NNCAAGAAANN, Score=138.015784329407
P0  A  C  G  T
01  172  64  81  197  N
02  115  89  92  218  N
03  60  351  71  32  C
04  467  30  2  15  A
05  485  0  20  9  A
06  29  22  444  19  G
07  318  184  9  3  C
08  465  22  10  17  A
09  396  18  65  35  A
10  151  87  142  134  N
11  139  86  117  172  N
XX
IC  0.143 0.105 0.614 1.451 1.632 1.209 0.891 1.397 0.895 0.025 0.039
XX
XL
00  51
01  93
02  102
03  24
04  14
05  13
06  32
07  12
08  34
09  52
10  87
XX
//
