AC  K562.TROVE2.8
XX
TY  Motif
XX
ID  K562.TROVE2.8
XX
NA  K562.TROVE2.8
XX
DE  N=80, Consensus=NNGATGCTTNN, Score=62.9306040868502
P0  A  C  G  T
01  24  20  20  16  N
02  24  8  16  32  N
03  3  3  68  6  G
04  71  6  3  0  A
05  6  1  3  70  T
06  0  1  74  5  G
07  6  59  4  11  C
08  0  4  5  71  T
09  0  1  6  73  T
10  12  10  16  42  N
11  11  13  18  38  N
XX
IC  0.000 0.127 1.138 1.362 1.267 1.540 0.759 1.354 1.493 0.235 0.159
XX
XL
00  3
01  2
02  7
03  2
04  6
05  7
06  2
07  4
08  22
09  15
10  10
XX
//
