AC  K562.NSUN2.4
XX
TY  Motif
XX
ID  K562.NSUN2.4
XX
NA  K562.NSUN2.4
XX
DE  N=24, Consensus=NNCACTTGANN, Score=34.758375649077
P0  A  C  G  T
01  4  9  3  8  N
02  9  6  5  4  N
03  3  19  1  1  C
04  20  1  0  3  A
05  0  21  0  3  C
06  0  3  0  21  T
07  2  0  2  20  T
08  1  2  21  0  G
09  22  0  2  0  A
10  12  3  8  1  N
11  3  5  6  10  N
XX
IC  0.045 0.000 0.886 1.125 1.366 1.366 1.093 1.251 1.496 0.315 0.037
XX
XL
00  3
01  0
02  1
03  1
04  2
05  3
06  3
07  2
08  2
09  2
10  5
XX
//
