AC  K562.AGGF1.4
XX
TY  Motif
XX
ID  K562.AGGF1.4
XX
NA  K562.AGGF1.4
XX
DE  N=2110, Consensus=NNACACACANN, Score=392.867373928035
P0  A  C  G  T
01  1362  259  251  238  N
02  99  1249  83  679  N
03  1708  54  243  105  A
04  23  1882  29  176  C
05  2052  13  3  42  A
06  25  1938  20  127  C
07  1992  43  17  58  A
08  33  1853  51  173  C
09  1825  120  41  124  A
10  129  1134  122  725  N
11  1044  303  426  337  N
XX
IC  0.499 0.634 1.042 1.397 1.789 1.503 1.608 1.315 1.232 0.504 0.206
XX
XL
00  97
01  519
02  24
03  193
04  16
05  189
06  15
07  168
08  92
09  555
10  242
XX
//
