AC  K562.NCBP2.2
XX
TY  Motif
XX
ID  K562.NCBP2.2
XX
NA  K562.NCBP2.2
XX
DE  N=15, Consensus=NNTAGCGCGNN, Score=36.4897059179409
P0  A  C  G  T
01  0  5  7  3  N
02  2  3  10  0  N
03  0  1  4  10  T
04  12  1  2  0  A
05  0  1  14  0  G
06  0  11  4  0  C
07  0  0  15  0  G
08  0  15  0  0  C
09  0  2  13  0  G
10  1  5  8  1  N
11  2  8  5  0  N
XX
IC  0.350 0.614 0.697 0.950 1.502 1.019 1.856 1.856 1.289 0.323 0.456
XX
XL
00  3
01  5
02  2
03  0
04  1
05  0
06  0
07  3
08  1
09  0
10  0
XX
//
