AC  K562.FXR1.7
XX
TY  Motif
XX
ID  K562.FXR1.7
XX
NA  K562.FXR1.7
XX
DE  N=52, Consensus=NNCGATGTCNN, Score=51.2166986225005
P0  A  C  G  T
01  14  10  14  14  N
02  16  7  15  14  N
03  6  34  3  9  C
04  3  6  35  8  G
05  48  0  2  2  A
06  0  1  2  49  T
07  0  0  51  1  G
08  2  2  0  48  T
09  0  47  3  2  C
10  14  17  8  13  N
11  14  17  10  11  N
XX
IC  0.000 0.019 0.523 0.562 1.490 1.587 1.821 1.490 1.408 0.006 0.000
XX
XL
00  7
01  2
02  2
03  2
04  0
05  14
06  1
07  19
08  1
09  1
10  3
XX
//
