AC  K562.PTBP1.1
XX
TY  Motif
XX
ID  K562.PTBP1.1
XX
NA  K562.PTBP1.1
XX
DE  N=3638, Consensus=NNTCTCTCTNN, Score=559.370000479838
P0  A  C  G  T
01  132  572  59  2875  N
02  87  1437  131  1983  N
03  10  59  11  3558  T
04  16  2883  94  645  C
05  19  78  6  3535  T
06  35  2331  155  1117  C
07  12  82  0  3544  T
08  35  3048  70  485  C
09  36  96  0  3506  T
10  141  1531  362  1604  N
11  221  790  175  2452  N
XX
IC  1.041 0.691 1.823 1.120 1.785 0.806 1.812 1.224 1.744 0.440 0.681
XX
XL
00  167
01  447
02  217
03  419
04  114
05  468
06  213
07  441
08  171
09  745
10  236
XX
//
