AC  K562.TAF15.3
XX
TY  Motif
XX
ID  K562.TAF15.3
XX
NA  K562.TAF15.3
XX
DE  N=69, Consensus=NNGTGGTAANN, Score=66.3685019983243
P0  A  C  G  T
01  13  2  27  27  N
02  11  2  42  14  N
03  2  2  58  7  G
04  1  0  2  66  T
05  1  1  67  0  G
06  1  3  65  0  G
07  2  0  16  51  T
08  52  8  5  4  A
09  61  0  8  0  A
10  16  10  37  6  N
11  19  7  33  10  N
XX
IC  0.307 0.495 1.127 1.671 1.750 1.602 1.009 0.788 1.451 0.287 0.209
XX
XL
00  3
01  10
02  4
03  11
04  2
05  10
06  7
07  0
08  0
09  8
10  14
XX
//
