AC  K562.LSM11.1
XX
TY  Motif
XX
ID  K562.LSM11.1
XX
NA  K562.LSM11.1
XX
DE  N=74, Consensus=NNAGCTGTANN, Score=63.5195467233372
P0  A  C  G  T
01  16  8  25  25  N
02  22  13  26  13  N
03  64  1  4  5  A
04  1  0  71  2  G
05  1  70  0  3  C
06  4  0  0  70  T
07  0  1  63  10  G
08  3  3  4  64  T
09  55  5  8  6  A
10  21  10  20  23  N
11  13  17  28  16  N
XX
IC  0.088 0.039 1.215 1.689 1.624 1.667 1.299 1.187 0.749 0.031 0.034
XX
XL
00  26
01  1
02  0
03  2
04  1
05  6
06  4
07  8
08  4
09  10
10  12
XX
//
