AC  K562.FXR2.0
XX
TY  Motif
XX
ID  K562.FXR2.0
XX
NA  K562.FXR2.0
XX
DE  N=362, Consensus=NNATGACCCNN,NNATGGCCCNN, Score=119.280428900446
P0  A  C  G  T
01  76  95  68  123  N
02  66  74  105  117  N
03  264  18  35  45  A
04  11  3  13  335  T
05  9  0  332  21  G
06  167  16  164  15  A
07  18  310  25  9  C
08  16  329  7  10  C
09  16  301  24  21  C
10  95  109  77  81  N
11  52  104  137  69  N
XX
IC  0.032 0.034 0.747 1.508 1.509 0.572 1.188 1.417 1.076 0.008 0.089
XX
XL
00  50
01  68
02  73
03  112
04  15
05  3
06  4
07  2
08  5
09  11
10  19
XX
//
