AC  K562.FAM120A.7
XX
TY  Motif
XX
ID  K562.FAM120A.7
XX
NA  K562.FAM120A.7
XX
DE  N=88, Consensus=NNCCCCAGTNN, Score=65.9898475909271
P0  A  C  G  T
01  11  16  16  45  N
02  17  22  22  27  N
03  2  79  2  5  C
04  5  80  1  2  C
05  2  81  1  4  C
06  7  74  2  5  C
07  83  0  3  2  A
08  2  9  65  12  G
09  3  7  5  73  T
10  21  23  22  22  N
11  25  30  15  18  N
XX
IC  0.211 0.000 1.352 1.418 1.465 1.116 1.606 0.800 1.060 0.000 0.027
XX
XL
00  27
01  7
02  0
03  0
04  1
05  7
06  2
07  2
08  19
09  18
10  5
XX
//
