AC  K562.DDX55.8
XX
TY  Motif
XX
ID  K562.DDX55.8
XX
NA  K562.DDX55.8
XX
DE  N=38, Consensus=NNACACTACNN, Score=47.1340323266953
P0  A  C  G  T
01  7  12  6  13  N
02  9  4  8  17  N
03  33  1  2  2  A
04  3  31  2  2  C
05  34  2  2  0  A
06  0  36  2  0  C
07  0  3  1  34  T
08  33  2  1  2  A
09  2  32  2  2  C
10  7  13  6  12  N
11  20  5  6  7  N
XX
IC  0.018 0.117 1.181 0.967 1.352 1.646 1.372 1.181 1.064 0.018 0.201
XX
XL
00  4
01  9
02  0
03  0
04  1
05  0
06  16
07  0
08  0
09  3
10  5
XX
//
