AC  K562.GPKOW.2
XX
TY  Motif
XX
ID  K562.GPKOW.2
XX
NA  K562.GPKOW.2
XX
DE  N=50, Consensus=NNAAAGGTGNN, Score=60.0660660811933
P0  A  C  G  T
01  14  7  17  12  N
02  15  12  11  12  N
03  36  3  11  0  A
04  43  2  4  1  A
05  46  1  1  2  A
06  0  2  47  1  G
07  0  0  47  3  G
08  0  0  2  48  T
09  9  2  37  2  G
10  26  5  9  10  N
11  13  0  33  4  N
XX
IC  0.022 0.000 0.891 1.179 1.435 1.574 1.629 1.714 0.818 0.224 0.764
XX
XL
00  4
01  2
02  2
03  0
04  2
05  33
06  1
07  1
08  2
09  0
10  3
XX
//
