AC  K562.TBRG4.7
XX
TY  Motif
XX
ID  K562.TBRG4.7
XX
NA  K562.TBRG4.7
XX
DE  N=24, Consensus=NNTTAAGCGNN, Score=51.8922715369148
P0  A  C  G  T
01  2  6  0  16  N
02  1  0  0  23  N
03  0  0  0  24  T
04  0  0  0  24  T
05  22  1  0  1  A
06  24  0  0  0  A
07  1  0  23  0  G
08  12  8  1  3  C
09  2  2  20  0  G
10  11  5  6  2  N
11  9  2  5  8  N
XX
IC  0.721 1.660 1.910 1.910 1.413 1.910 1.660 0.315 1.093 0.124 0.081
XX
XL
00  13
01  4
02  3
03  1
04  0
05  2
06  0
07  0
08  0
09  0
10  1
XX
//
