AC  K562.EIF4G2.3
XX
TY  Motif
XX
ID  K562.EIF4G2.3
XX
NA  K562.EIF4G2.3
XX
DE  N=315, Consensus=NNACGTGTGNN, Score=166.523828055819
P0  A  C  G  T
01  58  5  224  28  N
02  20  81  42  172  N
03  221  20  74  0  A
04  4  129  11  171  C
05  10  0  304  1  G
06  2  2  0  311  T
07  2  1  312  0  G
08  0  0  0  315  T
09  0  0  315  0  G
10  47  49  55  164  N
11  46  33  204  32  N
XX
IC  0.789 0.373 0.891 0.738 1.759 1.882 1.907 1.993 1.993 0.236 0.506
XX
XL
00  6
01  37
02  33
03  26
04  13
05  20
06  25
07  97
08  6
09  22
10  30
XX
//
