AC  K562.RBM15.2
XX
TY  Motif
XX
ID  K562.RBM15.2
XX
NA  K562.RBM15.2
XX
DE  N=2608, Consensus=NNCGCTTTGNN, Score=426.423400937107
P0  A  C  G  T
01  636  649  738  585  N
02  391  916  836  465  N
03  264  1782  324  238  C
04  295  342  1671  300  G
05  48  2414  64  82  C
06  48  93  46  2421  T
07  0  24  42  2542  T
08  0  7  67  2534  T
09  0  68  2456  84  G
10  344  952  689  623  N
11  414  856  853  485  N
XX
IC  0.004 0.089 0.600 0.489 1.502 1.519 1.805 1.800 1.621 0.082 0.071
XX
XL
00  33
01  6
02  14
03  0
04  0
05  42
06  261
07  2166
08  36
09  21
10  29
XX
//
