AC  K562.SAFB2.6
XX
TY  Motif
XX
ID  K562.SAFB2.6
XX
NA  K562.SAFB2.6
XX
DE  N=738, Consensus=NNCAGGGAANN, Score=266.84322701057
P0  A  C  G  T
01  178  95  326  139  N
02  169  79  307  183  N
03  31  580  116  11  C
04  726  0  5  7  A
05  23  0  709  6  G
06  0  0  738  0  G
07  0  0  738  0  G
08  727  0  11  0  A
09  217  0  519  2  A
10  206  114  324  94  N
11  203  119  293  123  N
XX
IC  0.147 0.140 1.022 1.861 1.729 1.997 1.997 1.885 1.098 0.167 0.100
XX
XL
00  20
01  76
02  5
03  2
04  5
05  541
06  55
07  0
08  3
09  7
10  24
XX
//
