AC  K562.ZNF622.1
XX
TY  Motif
XX
ID  K562.ZNF622.1
XX
NA  K562.ZNF622.1
XX
DE  N=284, Consensus=NNAAGAACCNN, Score=117.725002283674
P0  A  C  G  T
01  77  49  54  104  N
02  63  71  109  41  N
03  246  11  22  5  A
04  261  0  6  17  A
05  12  10  260  2  G
06  265  8  6  5  A
07  256  8  8  12  A
08  31  208  33  12  C
09  23  219  6  36  C
10  78  34  38  134  N
11  35  51  98  100  N
XX
IC  0.058 0.077 1.243 1.520 1.463 1.534 1.374 0.761 0.914 0.214 0.115
XX
XL
00  52
01  26
02  7
03  19
04  11
05  0
06  5
07  2
08  17
09  67
10  78
XX
//
