AC  K562.RBM22.1
XX
TY  Motif
XX
ID  K562.RBM22.1
XX
NA  K562.RBM22.1
XX
DE  N=40, Consensus=NNAACACGTNN, Score=48.4463797568785
P0  A  C  G  T
01  6  9  6  19  N
02  5  10  13  12  N
03  39  1  0  0  A
04  36  4  0  0  A
05  2  37  1  0  C
06  35  0  2  3  A
07  3  32  1  4  C
08  5  4  22  9  G
09  0  0  1  39  T
10  6  3  8  23  N
11  8  7  11  14  N
XX
IC  0.130 0.023 1.777 1.477 1.493 1.281 0.943 0.280 1.777 0.332 0.000
XX
XL
00  7
01  8
02  1
03  0
04  0
05  1
06  1
07  1
08  4
09  15
10  2
XX
//
