AC  K562.RBM22.3
XX
TY  Motif
XX
ID  K562.RBM22.3
XX
NA  K562.RBM22.3
XX
DE  N=187, Consensus=NNCCTTGAGNN, Score=104.927445687263
P0  A  C  G  T
01  39  34  39  75  N
02  36  38  47  66  N
03  8  160  9  10  C
04  5  162  0  20  C
05  3  9  0  175  T
06  0  0  7  180  T
07  3  13  165  6  G
08  126  7  34  20  A
09  7  7  166  7  G
10  53  42  46  46  N
11  49  39  54  45  N
XX
IC  0.069 0.033 1.165 1.324 1.593 1.758 1.307 0.635 1.304 0.000 0.000
XX
XL
00  22
01  12
02  3
03  0
04  7
05  128
06  1
07  2
08  2
09  1
10  9
XX
//
