AC  K562.IGF2BP2.8
XX
TY  Motif
XX
ID  K562.IGF2BP2.8
XX
NA  K562.IGF2BP2.8
XX
DE  N=155, Consensus=NNCCAGTCANN, Score=80.819304743693
P0  A  C  G  T
01  29  51  20  55  N
02  24  39  24  68  N
03  9  137  4  5  C
04  2  150  2  1  C
05  134  7  0  14  A
06  3  12  130  10  G
07  6  16  11  122  T
08  5  141  5  4  C
09  120  11  4  20  A
10  20  52  43  40  N
11  21  53  42  39  N
XX
IC  0.094 0.130 1.294 1.731 1.289 1.122 0.924 1.406 0.912 0.059 0.055
XX
XL
00  25
01  3
02  4
03  15
04  7
05  13
06  20
07  18
08  16
09  12
10  22
XX
//
