AC  K562.TNRC6A.0
XX
TY  Motif
XX
ID  K562.TNRC6A.0
XX
NA  K562.TNRC6A.0
XX
DE  N=254, Consensus=NNTTGCACANN, Score=135.796333023694
P0  A  C  G  T
01  120  61  20  53  N
02  37  108  12  97  N
03  49  19  25  161  T
04  0  0  0  254  T
05  36  13  184  21  G
06  8  237  1  8  C
07  239  11  0  4  A
08  3  239  7  5  C
09  230  13  2  9  A
10  20  133  45  56  N
11  134  50  43  27  N
XX
IC  0.226 0.324 0.508 1.991 0.738 1.553 1.618 1.579 1.417 0.291 0.266
XX
XL
00  8
01  21
02  28
03  170
04  2
05  0
06  0
07  4
08  6
09  8
10  7
XX
//
