AC  K562.KHSRP.3
XX
TY  Motif
XX
ID  K562.KHSRP.3
XX
NA  K562.KHSRP.3
XX
DE  N=1157, Consensus=NNGCTGTATNN, Score=287.983487128033
P0  A  C  G  T
01  330  119  82  626  N
02  251  28  78  800  N
03  122  30  699  306  G
04  68  897  23  169  C
05  5  0  0  1152  T
06  54  16  880  207  G
07  9  2  0  1146  T
08  1061  4  16  76  A
09  13  1  0  1143  T
10  310  67  124  656  N
11  269  95  141  652  N
XX
IC  0.394 0.760 0.573 0.955 1.958 0.962 1.914 1.512 1.899 0.442 0.376
XX
XL
00  10
01  19
02  101
03  112
04  19
05  16
06  115
07  155
08  218
09  173
10  219
XX
//
