AC  K562.PPIL4.4
XX
TY  Motif
XX
ID  K562.PPIL4.4
XX
NA  K562.PPIL4.4
XX
DE  N=57, Consensus=NNATTCGAGNN, Score=58.7984636494042
P0  A  C  G  T
01  19  6  8  24  N
02  9  8  10  30  N
03  45  2  2  8  A
04  0  0  0  57  T
05  0  0  0  57  T
06  6  24  8  19  C
07  3  2  50  2  G
08  57  0  0  0  A
09  0  0  55  2  G
10  18  8  11  20  N
11  9  14  17  17  N
XX
IC  0.169 0.216 0.956 1.962 1.962 0.169 1.233 1.962 1.743 0.051 0.003
XX
XL
00  7
01  7
02  5
03  12
04  11
05  7
06  1
07  2
08  1
09  2
10  2
XX
//
