AC  K562.PUM2.2
XX
TY  Motif
XX
ID  K562.PUM2.2
XX
NA  K562.PUM2.2
XX
DE  N=736, Consensus=NNGTACAGANN,NNGTACAAANN, Score=257.310489807951
P0  A  C  G  T
01  205  102  83  346  N
02  0  0  0  736  N
03  0  0  723  13  G
04  0  0  0  736  T
05  731  0  0  5  A
06  70  560  9  97  C
07  733  0  0  3  A
08  210  5  300  221  G
09  568  50  28  90  A
10  199  169  191  177  N
11  186  158  165  227  N
XX
IC  0.221 1.997 1.869 1.997 1.938 0.911 1.959 0.383 0.895 0.000 0.012
XX
XL
00  402
01  200
02  9
03  26
04  19
05  11
06  11
07  18
08  6
09  15
10  19
XX
//
