AC  K562.LSM11.0
XX
TY  Motif
XX
ID  K562.LSM11.0
XX
NA  K562.LSM11.0
XX
DE  N=65, Consensus=NNGTAACACNN, Score=64.9952720382921
P0  A  C  G  T
01  9  13  6  37  N
02  12  3  10  40  N
03  5  2  44  14  G
04  2  1  2  60  T
05  64  0  1  0  A
06  60  0  2  3  A
07  4  60  0  1  C
08  61  0  0  4  A
09  2  54  7  2  C
10  25  10  8  22  N
11  11  20  18  16  N
XX
IC  0.327 0.465 0.669 1.458 1.852 1.501 1.520 1.633 1.089 0.120 0.000
XX
XL
00  12
01  18
02  6
03  5
04  6
05  0
06  0
07  2
08  2
09  3
10  11
XX
//
