AC  K562.U2AF2.6
XX
TY  Motif
XX
ID  K562.U2AF2.6
XX
NA  K562.U2AF2.6
XX
DE  N=8159, Consensus=NNTCTTCTTNN, Score=694.618306687054
P0  A  C  G  T
01  976  1799  696  4688  N
02  849  2023  777  4510  N
03  104  321  111  7623  T
04  199  5698  299  1963  C
05  111  381  0  7667  T
06  83  416  222  7438  T
07  188  6170  208  1593  C
08  130  675  0  7354  T
09  85  367  129  7578  T
10  754  2497  904  4004  N
11  975  3020  918  3246  N
XX
IC  0.390 0.365 1.560 0.838 1.625 1.450 0.974 1.472 1.536 0.304 0.219
XX
XL
00  79
01  301
02  234
03  315
04  1380
05  507
06  848
07  1879
08  1142
09  773
10  701
XX
//
