AC  K562.DDX24.1
XX
TY  Motif
XX
ID  K562.DDX24.1
XX
NA  K562.DDX24.1
XX
DE  N=53, Consensus=NNGAAAACCNN, Score=49.7489699906308
P0  A  C  G  T
01  15  11  3  24  N
02  14  4  15  20  N
03  1  3  43  6  G
04  43  2  6  2  A
05  48  3  2  0  A
06  49  3  1  0  A
07  48  1  3  1  A
08  4  44  4  1  C
09  2  45  2  4  C
10  13  16  7  17  N
11  14  12  18  9  N
XX
IC  0.221 0.125 1.016 1.002 1.417 1.512 1.379 1.065 1.121 0.028 0.003
XX
XL
00  19
01  7
02  5
03  1
04  3
05  3
06  1
07  2
08  3
09  5
10  4
XX
//
