AC  K562.SND1.6
XX
TY  Motif
XX
ID  K562.SND1.6
XX
NA  K562.SND1.6
XX
DE  N=149, Consensus=NNATTGCACNN, Score=82.2902459622429
P0  A  C  G  T
01  39  27  29  54  N
02  35  45  31  38  N
03  119  7  4  19  A
04  7  1  1  140  T
05  4  2  3  140  T
06  8  10  116  15  G
07  7  132  3  7  C
08  129  11  2  7  A
09  10  125  8  6  C
10  46  42  21  40  N
11  27  32  44  46  N
XX
IC  0.043 0.000 1.000 1.597 1.564 0.883 1.303 1.237 1.098 0.039 0.019
XX
XL
00  2
01  12
02  16
03  25
04  59
05  3
06  5
07  2
08  1
09  10
10  14
XX
//
