AC  K562.DDX55.2
XX
TY  Motif
XX
ID  K562.DDX55.2
XX
NA  K562.DDX55.2
XX
DE  N=32, Consensus=NNTCTCACGNN, Score=41.5796396327766
P0  A  C  G  T
01  7  5  5  15  N
02  3  10  5  14  N
03  0  0  0  32  T
04  0  29  1  2  C
05  1  1  0  30  T
06  0  30  0  2  C
07  24  4  1  3  A
08  4  25  2  1  C
09  3  4  24  1  G
10  6  9  5  12  N
11  9  7  8  8  N
XX
IC  0.103 0.148 1.932 1.397 1.533 1.595 0.770 0.873 0.770 0.016 0.000
XX
XL
00  3
01  7
02  9
03  2
04  6
05  0
06  1
07  0
08  2
09  0
10  2
XX
//
