AC  K562.SF3B4.1
XX
TY  Motif
XX
ID  K562.SF3B4.1
XX
NA  K562.SF3B4.1
XX
DE  N=385, Consensus=NNTCTAGGTNN, Score=139.021159949191
P0  A  C  G  T
01  70  88  97  130  N
02  77  86  70  152  N
03  9  11  11  354  T
04  12  324  12  37  C
05  61  75  12  237  T
06  336  0  30  19  A
07  10  0  365  10  G
08  4  6  364  11  G
09  8  10  18  349  T
10  142  54  122  67  N
11  152  88  66  79  N
XX
IC  0.031 0.070 1.463 1.148 0.527 1.322 1.648 1.609 1.406 0.102 0.073
XX
XL
00  20
01  27
02  47
03  5
04  39
05  8
06  166
07  3
08  28
09  26
10  16
XX
//
