AC  K562.DDX3X.8
XX
TY  Motif
XX
ID  K562.DDX3X.8
XX
NA  K562.DDX3X.8
XX
DE  N=136, Consensus=NNTCCGGCGNN, Score=81.3453108478887
P0  A  C  G  T
01  15  30  37  54  N
02  9  36  37  54  N
03  1  8  12  115  T
04  0  120  7  9  C
05  5  118  2  11  C
06  7  8  109  12  G
07  0  7  126  3  G
08  4  123  5  4  C
09  3  10  113  10  G
10  15  44  50  27  N
11  11  50  42  33  N
XX
IC  0.112 0.177 1.178 1.345 1.248 0.958 1.540 1.379 1.087 0.113 0.141
XX
XL
00  39
01  21
02  33
03  6
04  5
05  5
06  1
07  6
08  3
09  8
10  9
XX
//
