AC  K562.TAF15.4
XX
TY  Motif
XX
ID  K562.TAF15.4
XX
NA  K562.TAF15.4
XX
DE  N=181, Consensus=NNGTTTGAGNN, Score=115.006885353274
P0  A  C  G  T
01  33  2  46  100  N
02  14  7  41  119  N
03  6  0  85  90  G
04  0  0  6  175  T
05  5  5  9  162  T
06  0  0  5  176  T
07  4  3  163  11  G
08  163  0  13  5  A
09  3  2  173  3  G
10  88  15  48  30  N
11  36  64  48  33  N
XX
IC  0.493 0.638 0.812 1.778 1.343 1.806 1.387 1.436 1.658 0.247 0.039
XX
XL
00  10
01  11
02  47
03  39
04  18
05  26
06  3
07  6
08  4
09  17
10  0
XX
//
