AC  K562.GNL3.8
XX
TY  Motif
XX
ID  K562.GNL3.8
XX
NA  K562.GNL3.8
XX
DE  N=28, Consensus=NNGACTAAANN, Score=35.9859654741919
P0  A  C  G  T
01  7  4  10  7  N
02  10  3  2  13  N
03  4  2  20  2  G
04  25  1  2  0  A
05  3  21  2  2  C
06  0  1  0  27  T
07  23  1  2  2  A
08  26  0  1  1  A
09  26  0  2  0  A
10  7  7  7  7  N
11  7  7  4  10  N
XX
IC  0.000 0.261 0.631 1.333 0.722 1.700 0.974 1.480 1.551 0.000 0.000
XX
XL
00  0
01  2
02  2
03  3
04  3
05  8
06  1
07  2
08  3
09  3
10  1
XX
//
