AC  K562.UCHL5.7
XX
TY  Motif
XX
ID  K562.UCHL5.7
XX
NA  K562.UCHL5.7
XX
DE  N=446, Consensus=NNAGAACTGNN, Score=152.112873074805
P0  A  C  G  T
01  120  69  151  106  N
02  174  89  88  95  N
03  363  5  51  27  A
04  26  11  400  9  G
05  412  8  19  7  A
06  374  22  29  21  A
07  40  354  21  31  C
08  19  0  4  423  T
09  7  8  384  47  G
10  89  73  192  92  N
11  171  63  109  103  N
XX
IC  0.047 0.064 1.078 1.370 1.497 1.104 0.944 1.668 1.269 0.111 0.081
XX
XL
00  50
01  36
02  26
03  0
04  2
05  7
06  4
07  230
08  35
09  22
10  34
XX
//
