AC  K562.HLTF.5
XX
TY  Motif
XX
ID  K562.HLTF.5
XX
NA  K562.HLTF.5
XX
DE  N=397, Consensus=NNCAAAGAANN, Score=137.737587451184
P0  A  C  G  T
01  91  53  67  186  N
02  134  51  81  131  N
03  75  230  44  48  C
04  359  13  4  21  A
05  374  5  15  3  A
06  368  4  13  12  A
07  25  10  354  8  G
08  349  17  25  6  A
09  363  8  3  23  A
10  126  47  126  98  N
11  126  61  90  120  N
XX
IC  0.174 0.090 0.364 1.411 1.602 1.512 1.349 1.294 1.472 0.081 0.047
XX
XL
00  124
01  53
02  31
03  36
04  10
05  15
06  11
07  3
08  15
09  38
10  61
XX
//
