AC  K562.EFTUD2.1
XX
TY  Motif
XX
ID  K562.EFTUD2.1
XX
NA  K562.EFTUD2.1
XX
DE  N=152, Consensus=NNGTAAGTANN,NNGTAAGTTNN, Score=85.2701467466533
P0  A  C  G  T
01  45  19  46  42  N
02  21  12  63  56  N
03  4  3  134  11  G
04  3  4  3  142  T
05  132  0  20  0  A
06  137  3  1  11  A
07  7  5  123  17  G
08  4  6  9  133  T
09  61  11  15  65  A
10  17  29  48  58  N
11  34  38  40  40  N
XX
IC  0.056 0.245 1.301 1.532 1.424 1.417 1.019 1.254 0.329 0.121 0.000
XX
XL
00  8
01  81
02  2
03  1
04  1
05  5
06  8
07  4
08  21
09  14
10  7
XX
//
