AC  K562.FMR1.4
XX
TY  Motif
XX
ID  K562.FMR1.4
XX
NA  K562.FMR1.4
XX
DE  N=237, Consensus=NNTGCCGCCNN, Score=105.893058927542
P0  A  C  G  T
01  40  41  52  104  N
02  45  60  50  82  N
03  17  10  15  195  T
04  4  14  213  6  G
05  4  218  10  5  C
06  17  190  7  23  C
07  16  18  183  20  G
08  4  215  9  9  C
09  5  223  4  5  C
10  43  76  60  58  N
11  31  83  78  45  N
XX
IC  0.118 0.031 1.042 1.378 1.470 0.986 0.857 1.406 1.574 0.019 0.094
XX
XL
00  77
01  53
02  53
03  4
04  7
05  1
06  8
07  7
08  7
09  5
10  15
XX
//
