AC  K562.METAP2.3
XX
TY  Motif
XX
ID  K562.METAP2.3
XX
NA  K562.METAP2.3
XX
DE  N=308, Consensus=NNATCACCANN, Score=139.89667432643
P0  A  C  G  T
01  84  59  49  116  N
02  41  140  60  67  N
03  215  8  51  34  A
04  4  8  3  293  T
05  2  283  15  8  C
06  293  4  6  5  A
07  21  234  13  40  C
08  4  296  2  6  C
09  266  14  11  17  A
10  92  54  89  73  N
11  35  103  115  55  N
XX
IC  0.073 0.150 0.714 1.641 1.484 1.636 0.852 1.699 1.205 0.022 0.133
XX
XL
00  42
01  9
02  5
03  215
04  4
05  0
06  9
07  6
08  1
09  5
10  12
XX
//
