AC  K562.RPS5.2
XX
TY  Motif
XX
ID  K562.RPS5.2
XX
NA  K562.RPS5.2
XX
DE  N=452, Consensus=NNGCATGCTNN,NNGCATGCANN, Score=175.834176686238
P0  A  C  G  T
01  82  134  88  148  N
02  85  22  18  327  N
03  0  0  446  6  G
04  9  426  7  10  C
05  416  16  6  14  A
06  0  0  0  452  T
07  3  0  444  5  G
08  54  261  40  97  C
09  157  40  7  248  T
10  76  87  133  156  N
11  90  128  133  101  N
XX
IC  0.041 0.807 1.893 1.587 1.476 1.995 1.850 0.385 0.587 0.056 0.014
XX
XL
00  7
01  5
02  128
03  3
04  0
05  34
06  198
07  6
08  16
09  23
10  32
XX
//
