AC  K562.U2AF2.0
XX
TY  Motif
XX
ID  K562.U2AF2.0
XX
NA  K562.U2AF2.0
XX
DE  N=2258, Consensus=NNTTTCAGGNN, Score=375.876569143908
P0  A  C  G  T
01  325  349  176  1408  N
02  334  273  98  1553  N
03  20  20  9  2209  T
04  11  38  16  2193  T
05  183  102  76  1897  T
06  127  1556  91  484  C
07  2120  21  4  113  A
08  64  8  2102  84  G
09  197  140  1765  156  G
10  478  572  471  737  N
11  546  510  538  664  N
XX
IC  0.468 0.655 1.816 1.771 1.128 0.732 1.618 1.552 0.899 0.024 0.007
XX
XL
00  665
01  556
02  290
03  298
04  68
05  141
06  15
07  7
08  45
09  62
10  111
XX
//
