AC  K562.IGF2BP1.5
XX
TY  Motif
XX
ID  K562.IGF2BP1.5
XX
NA  K562.IGF2BP1.5
XX
DE  N=222, Consensus=NNCCATATCNN, Score=108.128763076487
P0  A  C  G  T
01  48  49  43  82  N
02  43  46  38  95  N
03  7  195  4  16  C
04  5  207  0  10  C
05  198  9  2  13  A
06  15  19  7  181  T
07  150  24  7  41  A
08  2  5  2  213  T
09  4  202  6  10  C
10  42  62  6  112  N
11  39  44  50  89  N
XX
IC  0.042 0.101 1.291 1.571 1.355 1.027 0.654 1.687 1.420 0.383 0.074
XX
XL
00  32
01  11
02  1
03  3
04  0
05  26
06  10
07  30
08  6
09  80
10  23
XX
//
