AC  K562.SMNDC1.1
XX
TY  Motif
XX
ID  K562.SMNDC1.1
XX
NA  K562.SMNDC1.1
XX
DE  N=195, Consensus=NNTATTGACNN,NNTACTGACNN, Score=92.0739799739988
P0  A  C  G  T
01  47  37  22  89  N
02  38  27  28  102  N
03  5  9  1  180  T
04  126  8  9  52  A
05  0  63  2  130  T
06  6  0  3  186  T
07  18  8  145  24  G
08  181  4  3  7  A
09  10  166  10  9  C
10  80  38  13  64  N
11  41  31  59  64  N
XX
IC  0.168 0.243 1.503 0.679 1.005 1.677 0.793 1.509 1.147 0.214 0.045
XX
XL
00  23
01  3
02  19
03  55
04  31
05  21
06  10
07  8
08  5
09  10
10  10
XX
//
