AC  K562.TROVE2.9
XX
TY  Motif
XX
ID  K562.TROVE2.9
XX
NA  K562.TROVE2.9
XX
DE  N=86, Consensus=NNCGCTCTTNN, Score=70.6803895691371
P0  A  C  G  T
01  11  30  10  35  N
02  10  19  17  40  N
03  6  68  2  10  C
04  10  14  51  11  G
05  1  81  0  4  C
06  1  0  0  85  T
07  0  78  5  3  C
08  1  4  2  79  T
09  1  0  4  81  T
10  5  22  13  46  N
11  3  30  14  39  N
XX
IC  0.177 0.157 0.952 0.361 1.613 1.883 1.440 1.456 1.613 0.338 0.332
XX
XL
00  5
01  2
02  4
03  5
04  3
05  2
06  6
07  15
08  23
09  11
10  10
XX
//
