AC  K562.FMR1.2
XX
TY  Motif
XX
ID  K562.FMR1.2
XX
NA  K562.FMR1.2
XX
DE  N=196, Consensus=NNCTACCGGNN,NNCCACCGGNN, Score=83.3616019615252
P0  A  C  G  T
01  34  51  34  77  N
02  48  45  46  57  N
03  4  166  11  15  C
04  3  101  2  90  T
05  168  10  11  7  A
06  3  184  3  6  C
07  29  147  6  14  C
08  18  7  151  20  G
09  5  13  178  0  G
10  31  75  57  33  N
11  56  43  53  44  N
XX
IC  0.077 0.000 1.154 0.821 1.174 1.565 0.844 0.875 1.468 0.087 0.000
XX
XL
00  42
01  28
02  12
03  48
04  5
05  15
06  11
07  6
08  5
09  15
10  9
XX
//
