AC  K562.FMR1.1
XX
TY  Motif
XX
ID  K562.FMR1.1
XX
NA  K562.FMR1.1
XX
DE  N=122, Consensus=NNACCTGCGNN, Score=77.0754676651589
P0  A  C  G  T
01  23  33  22  44  N
02  36  25  25  36  N
03  108  2  4  8  A
04  5  112  5  0  C
05  6  113  2  1  C
06  2  2  0  118  T
07  6  3  112  1  G
08  9  79  12  22  C
09  7  7  96  12  G
10  17  29  38  38  N
11  15  35  53  19  N
XX
IC  0.042 0.006 1.310 1.491 1.512 1.741 1.467 0.524 0.908 0.045 0.153
XX
XL
00  28
01  24
02  1
03  1
04  3
05  28
06  1
07  9
08  4
09  17
10  6
XX
//
