AC  K562.IGF2BP2.7
XX
TY  Motif
XX
ID  K562.IGF2BP2.7
XX
NA  K562.IGF2BP2.7
XX
DE  N=158, Consensus=NNCCACCGGNN, Score=88.3045385265403
P0  A  C  G  T
01  20  61  20  57  N
02  29  38  28  63  N
03  0  151  2  5  C
04  5  146  1  6  C
05  140  8  0  10  A
06  2  153  3  0  C
07  20  115  3  20  C
08  10  9  103  36  G
09  3  11  144  0  G
10  21  61  50  26  N
11  29  54  46  29  N
XX
IC  0.171 0.072 1.686 1.498 1.362 1.753 0.789 0.610 1.488 0.116 0.041
XX
XL
00  36
01  25
02  6
03  8
04  1
05  12
06  27
07  14
08  2
09  11
10  16
XX
//
