AC  K562.HNRNPU.6
XX
TY  Motif
XX
ID  K562.HNRNPU.6
XX
NA  K562.HNRNPU.6
XX
DE  N=419, Consensus=NNGAGCATANN, Score=174.542277702626
P0  A  C  G  T
01  101  15  224  79  N
02  39  0  291  89  N
03  13  0  384  22  G
04  407  0  10  2  A
05  11  2  405  1  G
06  26  341  35  17  C
07  373  20  7  19  A
08  29  42  76  272  T
09  358  18  28  15  A
10  87  55  202  75  N
11  109  55  185  70  N
XX
IC  0.391 0.836 1.501 1.789 1.752 1.017 1.335 0.544 1.173 0.188 0.153
XX
XL
00  41
01  259
02  11
03  4
04  0
05  6
06  3
07  11
08  10
09  8
10  66
XX
//
