AC  K562.SAFB2.8
XX
TY  Motif
XX
ID  K562.SAFB2.8
XX
NA  K562.SAFB2.8
XX
DE  N=557, Consensus=NNGGAGTGTNN, Score=195.167270301625
P0  A  C  G  T
01  334  23  122  78  N
02  129  4  350  74  N
03  8  0  542  7  G
04  11  7  536  3  G
05  521  0  29  7  A
06  20  0  533  4  G
07  35  9  103  410  T
08  14  14  484  45  G
09  66  31  102  358  T
10  108  78  271  100  N
11  143  81  225  108  N
XX
IC  0.487 0.648 1.791 1.711 1.605 1.712 0.873 1.260 0.541 0.190 0.101
XX
XL
00  29
01  18
02  292
03  24
04  12
05  6
06  33
07  45
08  32
09  17
10  49
XX
//
