AC  K562.FXR2.8
XX
TY  Motif
XX
ID  K562.FXR2.8
XX
NA  K562.FXR2.8
XX
DE  N=125, Consensus=NNGCTATGANN, Score=78.9091570835094
P0  A  C  G  T
01  39  33  25  28  N
02  38  18  31  38  N
03  16  12  84  13  G
04  3  115  3  4  C
05  8  9  3  105  T
06  107  0  14  4  A
07  3  2  5  115  T
08  0  3  117  5  G
09  115  3  4  3  A
10  18  38  46  23  N
11  22  38  47  18  N
XX
IC  0.003 0.037 0.554 1.455 1.115 1.278 1.462 1.578 1.455 0.078 0.086
XX
XL
00  0
01  4
02  0
03  1
04  39
05  17
06  36
07  6
08  5
09  10
10  7
XX
//
