AC  K562.GNL3.3
XX
TY  Motif
XX
ID  K562.GNL3.3
XX
NA  K562.GNL3.3
XX
DE  N=30, Consensus=NNGAATAACNN, Score=39.5156573596716
P0  A  C  G  T
01  7  8  4  11  N
02  12  2  8  8  N
03  5  1  22  2  G
04  29  0  1  0  A
05  28  0  1  1  A
06  3  1  4  22  T
07  27  0  2  1  A
08  28  1  0  1  A
09  3  26  1  0  C
10  4  8  3  15  N
11  6  5  2  17  N
XX
IC  0.011 0.122 0.745 1.717 1.508 0.716 1.367 1.508 1.253 0.200 0.308
XX
XL
00  5
01  3
02  3
03  2
04  3
05  5
06  2
07  1
08  2
09  3
10  1
XX
//
