AC  K562.TBRG4.1
XX
TY  Motif
XX
ID  K562.TBRG4.1
XX
NA  K562.TBRG4.1
XX
DE  N=23, Consensus=NNCGTAATTNN, Score=40.2734243576313
P0  A  C  G  T
01  7  4  5  7  N
02  9  3  4  7  N
03  1  17  2  3  C
04  2  5  11  5  G
05  0  0  1  22  T
06  21  0  0  2  A
07  23  0  0  0  A
08  0  1  1  21  T
09  0  0  0  23  T
10  4  3  5  11  N
11  0  2  7  14  N
XX
IC  0.000 0.032 0.697 0.133 1.648 1.480 1.906 1.393 1.906 0.096 0.641
XX
XL
00  0
01  1
02  2
03  0
04  0
05  1
06  0
07  2
08  7
09  9
10  1
XX
//
