AC  K562.DDX24.2
XX
TY  Motif
XX
ID  K562.DDX24.2
XX
NA  K562.DDX24.2
XX
DE  N=64, Consensus=NNAGAACAANN, Score=54.4686588243288
P0  A  C  G  T
01  17  8  22  17  N
02  21  10  21  12  N
03  54  0  2  8  A
04  3  1  60  0  G
05  49  0  9  6  A
06  62  2  0  0  A
07  7  45  9  3  C
08  59  2  0  3  A
09  57  1  3  3  A
10  14  13  23  14  N
11  15  9  21  19  N
XX
IC  0.046 0.040 1.228 1.578 0.953 1.766 0.655 1.495 1.310 0.009 0.030
XX
XL
00  8
01  4
02  14
03  2
04  4
05  2
06  2
07  5
08  3
09  6
10  14
XX
//
