AC  K562.LSM11.2
XX
TY  Motif
XX
ID  K562.LSM11.2
XX
NA  K562.LSM11.2
XX
DE  N=73, Consensus=NNGCTGTAANN, Score=59.6608516545778
P0  A  C  G  T
01  20  11  18  24  N
02  19  2  16  36  N
03  5  0  61  7  G
04  0  65  4  4  C
05  1  0  0  72  T
06  0  3  58  12  G
07  3  1  5  64  T
08  59  0  7  7  A
09  64  1  1  7  A
10  24  14  19  16  N
11  24  8  23  18  N
XX
IC  0.021 0.340 1.165 1.362 1.866 1.089 1.265 1.073 1.310 0.000 0.070
XX
XL
00  0
01  7
02  6
03  5
04  7
05  7
06  12
07  5
08  7
09  8
10  9
XX
//
