AC  K562.TIA1.5
XX
TY  Motif
XX
ID  K562.TIA1.5
XX
NA  K562.TIA1.5
XX
DE  N=1787, Consensus=NNTCTGGCTNN, Score=271.669508733975
P0  A  C  G  T
01  346  344  348  749  N
02  286  443  345  713  N
03  62  108  91  1526  T
04  48  1465  79  195  C
05  58  28  30  1671  T
06  44  35  1541  167  G
07  58  128  1485  116  G
08  25  1569  97  96  C
09  62  109  28  1588  T
10  161  502  620  504  N
11  222  517  529  519  N
XX
IC  0.097 0.090 1.173 1.076 1.555 1.252 1.088 1.293 1.339 0.126 0.069
XX
XL
00  215
01  181
02  218
03  270
04  215
05  141
06  93
07  162
08  91
09  120
10  81
XX
//
