AC  K562.GTF2F1.2
XX
TY  Motif
XX
ID  K562.GTF2F1.2
XX
NA  K562.GTF2F1.2
XX
DE  N=1161, Consensus=NNGGGGTTGNN, Score=302.185332978626
P0  A  C  G  T
01  159  121  643  238  N
02  156  86  584  335  N
03  18  7  1106  30  G
04  6  0  1133  22  G
05  7  0  1154  0  G
06  2  6  1132  21  G
07  47  90  309  715  T
08  21  33  463  644  T
09  5  0  1146  10  G
10  101  94  844  122  N
11  145  129  732  155  N
XX
IC  0.325 0.315 1.657 1.816 1.945 1.803 0.586 0.747 1.887 0.722 0.464
XX
XL
00  7
01  18
02  106
03  100
04  169
05  84
06  51
07  25
08  61
09  302
10  238
XX
//
