AC  K562.HNRNPK.0
XX
TY  Motif
XX
ID  K562.HNRNPK.0
XX
NA  K562.HNRNPK.0
XX
DE  N=223, Consensus=NNCCCATCCNN, Score=125.34231342558
P0  A  C  G  T
01  37  63  33  90  N
02  13  82  23  105  N
03  1  212  0  10  C
04  0  218  0  5  C
05  0  214  0  9  C
06  100  28  9  86  A
07  9  24  9  181  T
08  0  213  0  10  C
09  3  211  0  9  C
10  27  136  5  55  N
11  45  82  28  68  N
XX
IC  0.109 0.371 1.685 1.835 1.746 0.379 1.026 1.726 1.644 0.565 0.095
XX
XL
00  54
01  17
02  0
03  0
04  7
05  70
06  27
07  5
08  2
09  16
10  25
XX
//
