AC  K562.FXR1.1
XX
TY  Motif
XX
ID  K562.FXR1.1
XX
NA  K562.FXR1.1
XX
DE  N=212, Consensus=NNTGACATGNN, Score=110.576989965357
P0  A  C  G  T
01  38  19  24  131  N
02  35  20  31  126  N
03  2  2  7  201  T
04  6  7  186  13  G
05  191  12  5  4  A
06  24  151  25  12  C
07  185  16  8  3  A
08  8  2  4  198  T
09  6  4  176  26  G
10  32  40  90  50  N
11  83  36  49  44  N
XX
IC  0.448 0.388 1.627 1.269 1.384 0.687 1.272 1.548 1.142 0.108 0.067
XX
XL
00  88
01  26
02  29
03  0
04  1
05  7
06  2
07  30
08  9
09  13
10  7
XX
//
