AC  K562.HLTF.3
XX
TY  Motif
XX
ID  K562.HLTF.3
XX
NA  K562.HLTF.3
XX
DE  N=479, Consensus=NNAAGAGAANN, Score=149.845696897379
P0  A  C  G  T
01  129  43  122  185  N
02  160  47  184  88  N
03  426  15  20  18  A
04  412  0  38  29  A
05  75  31  350  23  G
06  445  3  17  14  A
07  76  8  374  21  G
08  439  8  26  6  A
09  450  0  12  17  A
10  148  55  142  134  N
11  125  81  173  100  N
XX
IC  0.141 0.159 1.319 1.274 0.780 1.531 0.999 1.474 1.607 0.079 0.054
XX
XL
00  108
01  69
02  15
03  45
04  30
05  12
06  16
07  16
08  10
09  85
10  73
XX
//
