AC  K562.BUD13.6
XX
TY  Motif
XX
ID  K562.BUD13.6
XX
NA  K562.BUD13.6
XX
DE  N=1385, Consensus=NNTTGCAGANN, Score=295.48213867317
P0  A  C  G  T
01  155  295  152  783  N
02  131  168  98  988  N
03  7  46  12  1320  T
04  12  0  18  1355  T
05  102  99  967  217  G
06  101  1040  89  155  C
07  1329  0  3  53  A
08  34  13  1320  18  G
09  1103  64  149  69  A
10  360  236  386  403  N
11  447  252  387  299  N
XX
IC  0.355 0.689 1.671 1.827 0.668 0.805 1.742 1.656 0.970 0.026 0.033
XX
XL
00  195
01  552
02  148
03  312
04  13
05  9
06  17
07  21
08  21
09  40
10  57
XX
//
