AC  K562.LSM11.8
XX
TY  Motif
XX
ID  K562.LSM11.8
XX
NA  K562.LSM11.8
XX
DE  N=108, Consensus=NNAGAGCTGNN, Score=72.0004357512478
P0  A  C  G  T
01  34  7  34  33  N
02  26  17  47  18  N
03  78  2  16  12  A
04  1  0  101  6  G
05  85  5  11  7  A
06  6  4  97  1  G
07  1  102  4  1  C
08  10  2  1  95  T
09  1  1  96  10  G
10  20  15  38  35  N
11  31  20  30  27  N
XX
IC  0.152 0.112 0.774 1.595 0.911 1.370 1.601 1.330 1.386 0.077 0.000
XX
XL
00  21
01  5
02  21
03  5
04  1
05  0
06  3
07  15
08  10
09  16
10  11
XX
//
