AC  K562.EFTUD2.2
XX
TY  Motif
XX
ID  K562.EFTUD2.2
XX
NA  K562.EFTUD2.2
XX
DE  N=93, Consensus=NNGGTAATTNN, Score=67.7900499941291
P0  A  C  G  T
01  34  14  21  24  N
02  28  8  24  33  N
03  3  1  80  9  G
04  2  3  79  9  G
05  6  0  5  82  T
06  84  2  4  3  A
07  81  2  3  7  A
08  5  3  17  68  T
09  0  0  4  89  T
10  11  13  26  43  N
11  20  17  20  36  N
XX
IC  0.046 0.116 1.234 1.172 1.335 1.370 1.243 0.812 1.721 0.187 0.045
XX
XL
00  3
01  3
02  28
03  7
04  1
05  0
06  4
07  7
08  14
09  17
10  9
XX
//
