AC  K562.LSM11.7
XX
TY  Motif
XX
ID  K562.LSM11.7
XX
NA  K562.LSM11.7
XX
DE  N=96, Consensus=NNAAGAGCTNN, Score=69.0903918981953
P0  A  C  G  T
01  28  15  21  32  N
02  25  13  29  29  N
03  83  3  4  6  A
04  81  0  7  8  A
05  9  4  81  2  G
06  88  0  3  5  A
07  11  1  81  3  G
08  6  79  9  2  C
09  6  1  0  89  T
10  13  11  33  39  N
11  15  5  31  45  N
XX
IC  0.033 0.038 1.199 1.196 1.143 1.484 1.188 1.060 1.558 0.171 0.298
XX
XL
00  15
01  9
02  2
03  9
04  4
05  0
06  1
07  5
08  8
09  16
10  27
XX
//
