AC  K562.FAM120A.6
XX
TY  Motif
XX
ID  K562.FAM120A.6
XX
NA  K562.FAM120A.6
XX
DE  N=72, Consensus=NNAAGTCCCNN, Score=59.5872843420372
P0  A  C  G  T
01  14  9  11  38  N
02  18  15  15  24  N
03  61  4  3  4  A
04  60  0  1  11  A
05  10  4  49  9  G
06  2  3  2  65  T
07  3  64  2  3  C
08  2  67  0  3  C
09  0  69  0  3  C
10  20  22  11  19  N
11  14  18  20  20  N
XX
IC  0.235 0.000 1.113 1.251 0.590 1.358 1.293 1.539 1.720 0.013 0.000
XX
XL
00  20
01  20
02  4
03  5
04  5
05  6
06  2
07  0
08  0
09  3
10  7
XX
//
