AC  K562.U2AF1.6
XX
TY  Motif
XX
ID  K562.U2AF1.6
XX
NA  K562.U2AF1.6
XX
DE  N=1773, Consensus=NNTTTCTCCNN, Score=335.996107394956
P0  A  C  G  T
01  169  454  149  1001  N
02  144  462  116  1051  N
03  8  88  7  1670  T
04  7  92  13  1661  T
05  20  170  32  1551  T
06  33  1260  76  404  C
07  23  230  0  1520  T
08  7  1578  28  160  C
09  29  1575  7  162  C
10  265  834  70  604  N
11  238  705  247  583  N
XX
IC  0.406 0.494 1.636 1.606 1.328 0.861 1.345 1.410 1.403 0.364 0.157
XX
XL
00  77
01  381
02  374
03  387
04  102
05  77
06  54
07  16
08  57
09  117
10  131
XX
//
