AC  K562.PRPF8.3
XX
TY  Motif
XX
ID  K562.PRPF8.3
XX
NA  K562.PRPF8.3
XX
DE  N=995, Consensus=NNGGTATGTNN, Score=241.90178091646
P0  A  C  G  T
01  293  296  211  195  N
02  505  75  199  216  N
03  28  3  903  61  G
04  9  0  974  12  G
05  12  6  8  969  T
06  849  39  71  36  A
07  241  63  131  560  T
08  12  20  932  31  G
09  37  34  63  861  T
10  170  184  453  188  N
11  190  269  275  261  N
XX
IC  0.023 0.277 1.454 1.829 1.783 1.174 0.398 1.563 1.222 0.141 0.012
XX
XL
00  24
01  31
02  551
03  157
04  35
05  18
06  48
07  15
08  39
09  29
10  48
XX
//
