AC  K562.IGF2BP2.0
XX
TY  Motif
XX
ID  K562.IGF2BP2.0
XX
NA  K562.IGF2BP2.0
XX
DE  N=371, Consensus=NNCACCACCNN, Score=127.345870593761
P0  A  C  G  T
01  71  96  64  140  N
02  57  102  55  157  N
03  4  346  7  14  C
04  285  38  13  35  A
05  8  316  24  23  C
06  8  347  3  13  C
07  302  23  18  28  A
08  16  326  18  11  C
09  12  331  8  20  C
10  86  116  37  132  N
11  75  133  75  88  N
XX
IC  0.065 0.134 1.543 0.874 1.173 1.559 1.011 1.272 1.341 0.119 0.039
XX
XL
00  90
01  61
02  24
03  14
04  12
05  20
06  10
07  12
08  33
09  50
10  45
XX
//
