AC  K562.NSUN2.8
XX
TY  Motif
XX
ID  K562.NSUN2.8
XX
NA  K562.NSUN2.8
XX
DE  N=24, Consensus=NNGTATCCANN, Score=39.6685048428715
P0  A  C  G  T
01  5  3  7  9  N
02  7  2  8  7  N
03  2  1  21  0  G
04  1  2  2  19  T
05  21  0  0  3  A
06  2  4  0  18  T
07  0  24  0  0  C
08  1  23  0  0  C
09  19  5  0  0  A
10  12  5  7  0  N
11  2  6  10  6  N
XX
IC  0.014 0.046 1.251 0.854 1.366 0.869 1.910 1.660 1.172 0.420 0.085
XX
XL
00  0
01  0
02  2
03  9
04  2
05  6
06  0
07  1
08  0
09  2
10  2
XX
//
