AC  K562.TRA2A.4
XX
TY  Motif
XX
ID  K562.TRA2A.4
XX
NA  K562.TRA2A.4
XX
DE  N=536, Consensus=NNAGAAGCANN,NNAGAAGAANN, Score=144.14232301077
P0  A  C  G  T
01  140  100  168  128  N
02  247  84  99  106  N
03  464  2  31  39  A
04  26  27  459  24  G
05  472  22  24  18  A
06  479  9  29  19  A
07  29  14  487  6  G
08  345  136  37  18  C
09  446  24  33  33  A
10  112  70  259  95  N
11  194  109  144  89  N
XX
IC  0.020 0.149 1.273 1.175 1.280 1.354 1.433 0.654 1.079 0.191 0.058
XX
XL
00  113
01  82
02  25
03  50
04  23
05  14
06  20
07  54
08  21
09  62
10  72
XX
//
