AC  K562.DDX3X.3
XX
TY  Motif
XX
ID  K562.DDX3X.3
XX
NA  K562.DDX3X.3
XX
DE  N=164, Consensus=NNATGGCGGNN, Score=96.3065882481615
P0  A  C  G  T
01  44  51  36  33  N
02  16  53  61  34  N
03  134  5  16  9  A
04  1  3  9  151  T
05  2  0  158  4  G
06  4  4  156  0  G
07  18  132  3  11  C
08  5  16  135  8  G
09  7  4  146  7  G
10  35  80  26  23  N
11  21  53  56  34  N
XX
IC  0.008 0.131 1.038 1.497 1.727 1.657 1.018 1.062 1.318 0.187 0.080
XX
XL
00  4
01  16
02  11
03  86
04  4
05  3
06  11
07  4
08  5
09  8
10  12
XX
//
