AC  K562.FAM120A.4
XX
TY  Motif
XX
ID  K562.FAM120A.4
XX
NA  K562.FAM120A.4
XX
DE  N=78, Consensus=NNCCCTTGANN, Score=64.0369771270097
P0  A  C  G  T
01  13  24  12  29  N
02  13  24  20  21  N
03  1  72  5  0  C
04  7  68  0  3  C
05  1  68  0  9  C
06  3  1  1  73  T
07  0  0  1  77  T
08  6  5  58  9  G
09  59  6  7  6  A
10  23  18  24  13  N
11  21  20  19  18  N
XX
IC  0.072 0.005 1.531 1.307 1.360 1.541 1.873 0.756 0.786 0.011 0.000
XX
XL
00  6
01  3
02  0
03  0
04  3
05  9
06  37
07  6
08  3
09  5
10  6
XX
//
