AC  K562.SRSF7.4
XX
TY  Motif
XX
ID  K562.SRSF7.4
XX
NA  K562.SRSF7.4
XX
DE  N=118, Consensus=NNAGATCGTNN, Score=95.2134128452277
P0  A  C  G  T
01  21  23  46  28  N
02  24  31  53  10  N
03  111  2  2  3  A
04  1  15  101  1  G
05  114  3  0  1  A
06  16  5  3  94  T
07  0  110  4  4  C
08  14  6  68  30  G
09  0  1  0  117  T
10  0  86  24  8  N
11  32  22  38  26  N
XX
IC  0.056 0.187 1.565 1.295 1.741 1.002 1.556 0.438 1.911 0.918 0.012
XX
XL
00  3
01  2
02  1
03  0
04  0
05  17
06  2
07  5
08  80
09  5
10  3
XX
//
