AC  K562.UCHL5.4
XX
TY  Motif
XX
ID  K562.UCHL5.4
XX
NA  K562.UCHL5.4
XX
DE  N=401, Consensus=NNATGGACCNN, Score=150.395459745816
P0  A  C  G  T
01  120  64  107  110  N
02  79  131  111  80  N
03  283  70  23  25  A
04  5  2  16  378  T
05  4  10  377  10  G
06  4  6  385  6  G
07  357  13  16  15  A
08  24  340  21  16  C
09  65  304  8  24  C
10  124  64  87  126  N
11  52  100  180  69  N
XX
IC  0.031 0.029 0.714 1.612 1.579 1.690 1.322 1.141 0.910 0.045 0.157
XX
XL
00  25
01  11
02  7
03  264
04  12
05  4
06  4
07  2
08  14
09  40
10  18
XX
//
