AC  K562.DGCR8.0
XX
TY  Motif
XX
ID  K562.DGCR8.0
XX
NA  K562.DGCR8.0
XX
DE  N=19, Consensus=NNCTAGCACNN, Score=35.5928767348351
P0  A  C  G  T
01  1  6  3  9  N
02  3  6  0  10  N
03  1  14  2  2  C
04  0  1  0  18  T
05  15  2  0  2  A
06  1  1  17  0  G
07  1  18  0  0  C
08  19  0  0  0  A
09  0  14  2  3  C
10  2  4  2  11  N
11  7  2  2  8  N
XX
IC  0.206 0.453 0.654 1.589 0.933 1.295 1.589 1.886 0.799 0.273 0.146
XX
XL
00  4
01  2
02  1
03  5
04  1
05  0
06  0
07  0
08  1
09  2
10  3
XX
//
