AC  K562.SAFB2.5
XX
TY  Motif
XX
ID  K562.SAFB2.5
XX
NA  K562.SAFB2.5
XX
DE  N=3289, Consensus=NNAAGGAAGNN,NNAAGGGAGNN, Score=478.121164185664
P0  A  C  G  T
01  819  358  1439  673  N
02  797  415  1248  829  N
03  1210  678  710  691  A
04  3065  0  187  37  A
05  18  0  3261  10  G
06  78  0  3173  38  G
07  1007  30  2237  15  A
08  3065  0  207  17  A
09  59  0  3217  13  G
10  975  520  1415  379  N
11  1008  522  1286  473  N
XX
IC  0.161 0.095 0.049 1.596 1.921 1.747 1.001 1.614 1.832 0.176 0.123
XX
XL
00  94
01  248
02  27
03  14
04  172
05  2285
06  86
07  14
08  22
09  180
10  147
XX
//
