AC  K562.LIN28B.2
XX
TY  Motif
XX
ID  K562.LIN28B.2
XX
NA  K562.LIN28B.2
XX
DE  N=1615, Consensus=NNGTATGATNN, Score=331.241624159328
P0  A  C  G  T
01  506  334  372  403  N
02  458  150  479  528  N
03  211  225  1023  156  G
04  161  107  86  1261  T
05  1450  0  123  42  A
06  45  12  19  1539  T
07  34  19  1451  111  G
08  1561  7  17  30  A
09  13  15  15  1572  T
10  526  162  405  522  N
11  418  335  344  518  N
XX
IC  0.016 0.117 0.476 0.904 1.439 1.661 1.402 1.741 1.779 0.112 0.022
XX
XL
00  18
01  20
02  12
03  79
04  11
05  57
06  18
07  12
08  1314
09  31
10  43
XX
//
