AC  K562.XRN2.4
XX
TY  Motif
XX
ID  K562.XRN2.4
XX
NA  K562.XRN2.4
XX
DE  N=70, Consensus=NNCGGTCCCNN, Score=57.234797157382
P0  A  C  G  T
01  6  26  17  21  N
02  11  18  18  23  N
03  3  56  7  4  C
04  3  1  55  11  G
05  1  7  59  3  G
06  2  7  6  55  T
07  0  66  2  2  C
08  0  67  2  1  C
09  2  67  1  0  C
10  9  21  18  22  N
11  7  22  23  18  N
XX
IC  0.118 0.014 0.949 0.994 1.147 0.913 1.596 1.674 1.674 0.039 0.081
XX
XL
00  10
01  6
02  2
03  10
04  8
05  10
06  3
07  0
08  4
09  4
10  13
XX
//
