AC  K562.TRA2A.3
XX
TY  Motif
XX
ID  K562.TRA2A.3
XX
NA  K562.TRA2A.3
XX
DE  N=281, Consensus=NNAAGAAAGNN, Score=109.944098542867
P0  A  C  G  T
01  99  42  70  70  N
02  72  55  101  53  N
03  258  4  12  7  A
04  259  5  10  7  A
05  7  4  259  11  G
06  233  12  29  7  A
07  252  10  11  8  A
08  219  6  43  13  A
09  25  12  222  22  G
10  90  47  88  56  N
11  90  45  101  45  N
XX
IC  0.053 0.044 1.465 1.476 1.481 1.103 1.351 0.974 0.931 0.046 0.089
XX
XL
00  29
01  68
02  12
03  5
04  10
05  27
06  10
07  8
08  32
09  47
10  33
XX
//
