AC  K562.SND1.5
XX
TY  Motif
XX
ID  K562.SND1.5
XX
NA  K562.SND1.5
XX
DE  N=53, Consensus=NNCGTGCATNN, Score=57.898407767127
P0  A  C  G  T
01  8  9  13  23  N
02  9  13  18  13  N
03  4  30  1  18  C
04  1  3  43  6  G
05  1  0  0  52  T
06  1  2  50  0  G
07  1  45  3  4  C
08  47  1  3  2  A
09  0  0  0  53  T
10  0  10  27  16  N
11  4  8  13  28  N
XX
IC  0.093 0.001 0.576 1.016 1.824 1.593 1.135 1.284 1.959 0.488 0.282
XX
XL
00  1
01  4
02  5
03  0
04  15
05  0
06  0
07  3
08  11
09  9
10  5
XX
//
