AC  K562.HNRNPK.3
XX
TY  Motif
XX
ID  K562.HNRNPK.3
XX
NA  K562.HNRNPK.3
XX
DE  N=222, Consensus=NNATGTCCCNN, Score=129.588678102385
P0  A  C  G  T
01  73  82  19  48  N
02  31  114  18  59  N
03  159  27  7  29  A
04  2  4  5  211  T
05  0  5  194  23  G
06  0  4  1  217  T
07  0  222  0  0  C
08  77  144  0  1  C
09  2  214  0  6  C
10  52  76  11  83  N
11  52  54  41  75  N
XX
IC  0.151 0.298 0.735 1.632 1.358 1.819 1.990 1.020 1.737 0.225 0.025
XX
XL
00  2
01  7
02  9
03  25
04  133
05  22
06  0
07  0
08  1
09  9
10  14
XX
//
