AC  K562.DGCR8.1
XX
TY  Motif
XX
ID  K562.DGCR8.1
XX
NA  K562.DGCR8.1
XX
DE  N=72, Consensus=NNTTGTACANN, Score=60.884332645278
P0  A  C  G  T
01  13  13  12  34  N
02  18  12  4  38  N
03  2  2  3  65  T
04  0  0  0  72  T
05  2  5  52  13  G
06  2  4  1  65  T
07  61  4  1  6  A
08  4  58  6  4  C
09  63  4  2  3  A
10  13  13  28  18  N
11  30  12  11  19  N
XX
IC  0.136 0.321 1.358 1.970 0.774 1.376 1.151 0.957 1.235 0.048 0.092
XX
XL
00  1
01  7
02  20
03  19
04  4
05  6
06  1
07  1
08  3
09  4
10  6
XX
//
