AC  K562.DDX24.0
XX
TY  Motif
XX
ID  K562.DDX24.0
XX
NA  K562.DDX24.0
XX
DE  N=112, Consensus=NNAAGAACCNN,NNAAGAACANN, Score=66.4790779877769
P0  A  C  G  T
01  34  11  26  41  N
02  23  20  50  19  N
03  101  2  6  3  A
04  99  0  5  8  A
05  7  3  99  3  G
06  93  4  9  6  A
07  106  0  2  4  A
08  21  74  14  3  C
09  69  35  2  6  C
10  28  19  22  43  N
11  20  14  43  35  N
XX
IC  0.110 0.114 1.376 1.351 1.294 1.068 1.630 0.618 0.696 0.055 0.107
XX
XL
00  19
01  6
02  6
03  7
04  5
05  3
06  2
07  4
08  10
09  24
10  26
XX
//
