AC  K562.KHSRP.4
XX
TY  Motif
XX
ID  K562.KHSRP.4
XX
NA  K562.KHSRP.4
XX
DE  N=7362, Consensus=NNATGTGATNN,NNATGTGTTNN, Score=632.992338665729
P0  A  C  G  T
01  2399  519  849  3595  N
02  2594  735  538  3495  N
03  6375  109  119  759  A
04  105  0  0  7257  T
05  538  191  5140  1493  G
06  21  0  0  7341  T
07  1358  371  3852  1781  G
08  2579  11  0  4772  A
09  178  0  22  7162  T
10  1683  604  1055  4020  N
11  2026  801  1210  3325  N
XX
IC  0.338 0.351 1.296 1.892 0.758 1.971 0.348 1.050 1.806 0.339 0.193
XX
XL
00  43
01  233
02  676
03  1060
04  263
05  244
06  644
07  1072
08  1118
09  1053
10  956
XX
//
