AC  K562.LIN28B.0
XX
TY  Motif
XX
ID  K562.LIN28B.0
XX
NA  K562.LIN28B.0
XX
DE  N=2734, Consensus=NNATGATATNN,NNATGATACNN, Score=382.611477626405
P0  A  C  G  T
01  927  484  660  663  N
02  753  473  642  866  N
03  2382  23  209  120  A
04  182  28  104  2420  T
05  84  52  2393  205  G
06  2633  24  29  48  A
07  42  43  99  2550  T
08  2036  104  230  364  A
09  197  1032  77  1428  T
10  657  699  566  812  N
11  709  534  882  609  N
XX
IC  0.037 0.033 1.286 1.336 1.288 1.715 1.545 0.815 0.561 0.011 0.025
XX
XL
00  42
01  81
02  20
03  153
04  16
05  24
06  2037
07  33
08  175
09  57
10  96
XX
//
