AC  K562.NPM1.0
XX
TY  Motif
XX
ID  K562.NPM1.0
XX
NA  K562.NPM1.0
XX
DE  N=32, Consensus=NNACACTTGNN, Score=50.937808024199
P0  A  C  G  T
01  10  5  4  13  N
02  10  6  9  7  N
03  30  0  2  0  A
04  16  15  0  1  C
05  31  1  0  0  A
06  0  29  0  3  C
07  0  0  1  31  T
08  1  1  3  27  T
09  0  0  32  0  G
10  6  0  7  19  N
11  20  0  7  5  N
XX
IC  0.087 0.000 1.595 0.764 1.732 1.484 1.732 1.093 1.932 0.553 0.610
XX
XL
00  5
01  0
02  10
03  3
04  0
05  2
06  6
07  3
08  1
09  1
10  1
XX
//
