AC  K562.DDX6.0
XX
TY  Motif
XX
ID  K562.DDX6.0
XX
NA  K562.DDX6.0
XX
DE  N=178, Consensus=NNTTGTACANN, Score=108.921075518604
P0  A  C  G  T
01  37  20  10  111  N
02  24  20  5  129  N
03  3  6  3  166  T
04  0  0  3  175  T
05  2  1  145  30  G
06  5  3  2  168  T
07  156  5  5  12  A
08  35  107  20  16  C
09  169  0  2  7  A
10  47  19  57  55  N
11  57  27  41  53  N
XX
IC  0.504 0.762 1.531 1.864 1.199 1.592 1.269 0.418 1.660 0.086 0.041
XX
XL
00  5
01  28
02  60
03  40
04  9
05  10
06  5
07  3
08  3
09  4
10  11
XX
//
