AC  K562.DGCR8.9
XX
TY  Motif
XX
ID  K562.DGCR8.9
XX
NA  K562.DGCR8.9
XX
DE  N=61, Consensus=NNGCATTGTNN, Score=52.3337749064086
P0  A  C  G  T
01  10  13  20  18  N
02  13  6  14  28  N
03  3  2  50  6  G
04  1  56  2  2  C
05  57  2  0  2  A
06  4  6  4  47  T
07  3  0  4  54  T
08  2  1  48  10  G
09  1  2  1  57  T
10  11  13  19  18  N
11  15  13  16  17  N
XX
IC  0.014 0.157 1.025 1.431 1.550 0.830 1.337 1.006 1.517 0.000 0.000
XX
XL
00  6
01  4
02  2
03  0
04  2
05  7
06  16
07  3
08  11
09  4
10  6
XX
//
