AC  K562.FAM120A.8
XX
TY  Motif
XX
ID  K562.FAM120A.8
XX
NA  K562.FAM120A.8
XX
DE  N=23, Consensus=NNCCGCTAANN, Score=38.6728929104914
P0  A  C  G  T
01  6  6  4  7  N
02  4  5  7  7  N
03  0  21  1  1  C
04  3  15  0  5  C
05  0  6  17  0  G
06  0  21  0  2  C
07  1  0  0  22  T
08  22  0  0  1  A
09  20  2  1  0  A
10  3  8  4  8  N
11  6  8  3  6  N
XX
IC  0.000 0.000 1.393 0.642 1.078 1.480 1.648 1.648 1.228 0.024 0.000
XX
XL
00  1
01  0
02  0
03  2
04  0
05  0
06  14
07  2
08  0
09  2
10  2
XX
//
