AC  K562.U2AF1.2
XX
TY  Motif
XX
ID  K562.U2AF1.2
XX
NA  K562.U2AF1.2
XX
DE  N=522, Consensus=NNTTCTAGGNN,NNTCCTAGGNN, Score=166.99668959724
P0  A  C  G  T
01  67  102  50  303  N
02  65  95  41  321  N
03  2  37  4  479  T
04  0  118  3  401  T
05  38  307  38  139  C
06  0  31  2  489  T
07  458  0  19  45  A
08  9  0  505  8  G
09  16  27  458  21  G
10  100  120  133  169  N
11  121  119  141  141  N
XX
IC  0.376 0.455 1.527 1.176 0.487 1.635 1.351 1.756 1.269 0.022 0.001
XX
XL
00  70
01  53
02  71
03  38
04  11
05  75
06  140
07  5
08  26
09  17
10  16
XX
//
