AC  K562.SMNDC1.2
XX
TY  Motif
XX
ID  K562.SMNDC1.2
XX
NA  K562.SMNDC1.2
XX
DE  N=141, Consensus=NNTCTAGGTNN, Score=77.0183911391351
P0  A  C  G  T
01  23  23  30  65  N
02  23  32  27  59  N
03  3  2  6  130  T
04  4  106  12  19  C
05  5  7  0  129  T
06  109  3  18  11  A
07  8  2  125  6  G
08  3  3  129  6  G
09  6  3  9  123  T
10  34  27  48  32  N
11  36  34  41  30  N
XX
IC  0.141 0.090 1.478 0.837 1.481 0.913 1.315 1.437 1.247 0.018 0.000
XX
XL
00  27
01  12
02  15
03  3
04  24
05  11
06  2
07  11
08  14
09  11
10  11
XX
//
