AC  K562.DDX3X.0
XX
TY  Motif
XX
ID  K562.DDX3X.0
XX
NA  K562.DDX3X.0
XX
DE  N=131, Consensus=NNCATGGCGNN, Score=92.9206333505795
P0  A  C  G  T
01  37  20  57  17  N
02  27  56  22  26  N
03  4  100  22  5  C
04  118  5  1  7  A
05  0  0  2  129  T
06  1  2  124  4  G
07  1  2  128  0  G
08  19  95  5  12  C
09  0  20  104  7  G
10  21  24  66  20  N
11  33  54  25  19  N
XX
IC  0.150 0.094 0.920 1.388 1.870 1.609 1.805 0.748 1.079 0.199 0.095
XX
XL
00  5
01  2
02  4
03  7
04  90
05  4
06  2
07  5
08  1
09  5
10  6
XX
//
