AC  K562.KHSRP.2
XX
TY  Motif
XX
ID  K562.KHSRP.2
XX
NA  K562.KHSRP.2
XX
DE  N=6870, Consensus=NNGTTATTGNN, Score=644.707919366524
P0  A  C  G  T
01  1983  837  621  3429  N
02  1661  367  557  4285  N
03  751  254  4297  1568  G
04  104  72  0  6694  T
05  307  125  79  6359  T
06  5602  108  239  921  A
07  137  54  13  6666  T
08  67  0  21  6782  T
09  448  164  5225  1033  G
10  2091  1012  874  2893  N
11  2028  971  1193  2678  N
XX
IC  0.298 0.560 0.565 1.803 1.517 1.108 1.773 1.891 0.903 0.166 0.113
XX
XL
00  368
01  475
02  274
03  29
04  523
05  2323
06  1240
07  471
08  388
09  392
10  387
XX
//
