AC  K562.TAF15.6
XX
TY  Motif
XX
ID  K562.TAF15.6
XX
NA  K562.TAF15.6
XX
DE  N=49, Consensus=NNGAGCATANN, Score=60.9349665448782
P0  A  C  G  T
01  10  2  29  8  N
02  3  2  35  9  N
03  0  0  45  4  G
04  47  1  0  1  A
05  0  0  49  0  G
06  8  37  2  2  C
07  44  1  1  3  A
08  3  1  9  36  T
09  38  1  8  2  A
10  8  9  24  8  N
11  13  7  20  9  N
XX
IC  0.425 0.725 1.548 1.669 1.956 0.846 1.341 0.819 0.942 0.149 0.070
XX
XL
00  5
01  29
02  1
03  0
04  1
05  0
06  0
07  3
08  0
09  2
10  8
XX
//
