AC  K562.ZNF622.7
XX
TY  Motif
XX
ID  K562.ZNF622.7
XX
NA  K562.ZNF622.7
XX
DE  N=628, Consensus=NNGACTTCANN, Score=181.882236705513
P0  A  C  G  T
01  189  125  113  201  N
02  153  116  190  169  N
03  60  42  485  41  G
04  529  26  28  45  A
05  15  570  16  27  C
06  37  16  16  559  T
07  16  10  9  593  T
08  3  593  11  21  C
09  514  36  32  46  A
10  182  111  139  196  N
11  127  261  122  118  N
XX
IC  0.040 0.019 0.867 1.125 1.411 1.337 1.601 1.615 1.029 0.031 0.091
XX
XL
00  68
01  17
02  4
03  9
04  5
05  42
06  356
07  9
08  14
09  71
10  33
XX
//
