AC  K562.IGF2BP2.4
XX
TY  Motif
XX
ID  K562.IGF2BP2.4
XX
NA  K562.IGF2BP2.4
XX
DE  N=720, Consensus=NNCAGCCACNN,NNCTGCCACNN, Score=162.781901823841
P0  A  C  G  T
01  132  254  95  239  N
02  108  206  150  256  N
03  16  658  17  29  C
04  253  10  4  453  A
05  22  33  621  44  G
06  25  639  25  31  C
07  22  638  9  51  C
08  473  114  43  90  A
09  12  631  44  33  C
10  137  268  87  228  N
11  106  213  228  173  N
XX
IC  0.104 0.068 1.442 0.919 1.209 1.312 1.339 0.560 1.281 0.117 0.051
XX
XL
00  103
01  83
02  107
03  114
04  17
05  7
06  41
07  10
08  54
09  90
10  94
XX
//
