AC  K562.METAP2.2
XX
TY  Motif
XX
ID  K562.METAP2.2
XX
NA  K562.METAP2.2
XX
DE  N=404, Consensus=NNCAACATCNN,NNCAACAACNN, Score=130.077651078925
P0  A  C  G  T
01  107  72  133  92  N
02  89  78  45  192  N
03  3  377  16  8  C
04  372  12  8  12  A
05  257  26  13  108  A
06  4  377  6  17  C
07  343  13  11  37  A
08  153  7  15  229  T
09  12  333  46  13  C
10  141  85  85  93  N
11  107  76  74  147  N
XX
IC  0.030 0.193 1.552 1.472 0.656 1.553 1.177 0.722 1.098 0.031 0.054
XX
XL
00  22
01  136
02  2
03  7
04  75
05  13
06  6
07  66
08  6
09  25
10  46
XX
//
