AC  K562.FXR2.1
XX
TY  Motif
XX
ID  K562.FXR2.1
XX
NA  K562.FXR2.1
XX
DE  N=168, Consensus=NNTTCGCCGNN, Score=96.1942560729008
P0  A  C  G  T
01  31  50  31  56  N
02  33  43  43  49  N
03  0  3  3  162  T
04  6  5  11  146  T
05  5  126  19  18  C
06  14  35  112  7  G
07  0  160  7  1  C
08  3  152  3  10  C
09  3  9  156  0  G
10  25  67  49  27  N
11  27  59  53  29  N
XX
IC  0.039 0.001 1.729 1.231 0.824 0.636 1.685 1.407 1.558 0.107 0.071
XX
XL
00  21
01  7
02  93
03  23
04  6
05  0
06  2
07  3
08  3
09  3
10  7
XX
//
