AC  K562.DDX55.6
XX
TY  Motif
XX
ID  K562.DDX55.6
XX
NA  K562.DDX55.6
XX
DE  N=51, Consensus=NNCTCCCAANN, Score=51.1593285067419
P0  A  C  G  T
01  12  9  8  22  N
02  4  13  10  24  N
03  1  44  0  6  C
04  4  4  1  42  T
05  5  41  5  0  C
06  0  49  0  2  C
07  1  50  0  0  C
08  44  3  2  2  A
09  38  4  4  5  A
10  6  12  17  16  N
11  12  12  6  21  N
XX
IC  0.082 0.194 1.299 1.040 1.047 1.719 1.818 1.167 0.737 0.050 0.085
XX
XL
00  11
01  9
02  4
03  7
04  2
05  0
06  0
07  1
08  1
09  6
10  10
XX
//
