AC  K562.AGGF1.0
XX
TY  Motif
XX
ID  K562.AGGF1.0
XX
NA  K562.AGGF1.0
XX
DE  N=298, Consensus=NNGAAGAAANN, Score=118.225002712817
P0  A  C  G  T
01  124  31  59  84  N
02  84  13  89  112  N
03  34  12  234  18  G
04  263  10  23  2  A
05  262  2  22  12  A
06  22  4  263  9  G
07  264  5  22  7  A
08  273  10  9  6  A
09  252  7  22  17  A
10  83  50  65  100  N
11  98  37  61  102  N
XX
IC  0.149 0.229 0.930 1.336 1.317 1.320 1.334 1.447 1.148 0.039 0.094
XX
XL
00  22
01  51
02  53
03  7
04  8
05  10
06  7
07  14
08  10
09  51
10  65
XX
//
