AC  K562.SRSF1.4
XX
TY  Motif
XX
ID  K562.SRSF1.4
XX
NA  K562.SRSF1.4
XX
DE  N=393, Consensus=NNCATGGACNN, Score=161.49981627026
P0  A  C  G  T
01  100  93  122  78  N
02  130  106  72  85  N
03  8  338  31  16  C
04  181  140  19  53  A
05  15  0  11  367  T
06  0  2  384  7  G
07  0  0  393  0  G
08  378  6  5  4  A
09  7  352  28  6  C
10  77  154  56  106  N
11  71  93  97  132  N
XX
IC  0.013 0.030 1.216 0.348 1.578 1.820 1.994 1.701 1.385 0.094 0.030
XX
XL
00  8
01  6
02  7
03  47
04  229
05  2
06  8
07  1
08  0
09  59
10  26
XX
//
