AC  K562.DDX55.5
XX
TY  Motif
XX
ID  K562.DDX55.5
XX
NA  K562.DDX55.5
XX
DE  N=26, Consensus=NNCGATTCCNN, Score=36.3015214898814
P0  A  C  G  T
01  4  10  8  4  N
02  6  6  6  8  N
03  1  23  0  2  C
04  1  2  14  9  G
05  20  3  0  3  A
06  1  0  0  25  T
07  0  2  0  24  T
08  1  25  0  0  C
09  0  25  1  0  C
10  6  8  5  7  N
11  5  5  6  10  N
XX
IC  0.032 0.000 1.295 0.441 0.907 1.682 1.526 1.682 1.682 0.000 0.000
XX
XL
00  3
01  1
02  2
03  3
04  2
05  3
06  3
07  1
08  0
09  4
10  4
XX
//
