AC  K562.PTBP1.4
XX
TY  Motif
XX
ID  K562.PTBP1.4
XX
NA  K562.PTBP1.4
XX
DE  N=3276, Consensus=NNCTTTCTCNN, Score=519.871053275024
P0  A  C  G  T
01  153  1011  151  1961  N
02  145  636  89  2406  N
03  29  2845  16  386  C
04  7  43  0  3226  T
05  14  377  75  2810  T
06  13  69  9  3185  T
07  46  2831  74  325  C
08  45  167  0  3064  T
09  52  2230  111  883  C
10  186  740  75  2275  N
11  250  1545  309  1172  N
XX
IC  0.622 0.873 1.361 1.876 1.292 1.787 1.277 1.605 0.851 0.789 0.353
XX
XL
00  151
01  91
02  216
03  220
04  1108
05  255
06  194
07  143
08  372
09  175
10  351
XX
//
