AC  K562.FXR2.2
XX
TY  Motif
XX
ID  K562.FXR2.2
XX
NA  K562.FXR2.2
XX
DE  N=90, Consensus=NNCGACGTGNN, Score=63.8626689591535
P0  A  C  G  T
01  21  18  29  22  N
02  24  19  25  22  N
03  6  70  6  8  C
04  2  5  76  7  G
05  74  4  10  2  A
06  1  76  6  7  C
07  6  3  77  4  G
08  1  2  2  85  T
09  0  3  87  0  G
10  21  20  28  21  N
11  20  21  27  22  N
XX
IC  0.000 0.000 0.863 1.130 1.070 1.151 1.160 1.582 1.765 0.000 0.000
XX
XL
00  16
01  6
02  3
03  4
04  1
05  1
06  3
07  36
08  2
09  9
10  9
XX
//
