AC  K562.U2AF1.5
XX
TY  Motif
XX
ID  K562.U2AF1.5
XX
NA  K562.U2AF1.5
XX
DE  N=1566, Consensus=NNTCTTCTTNN, Score=318.690907241904
P0  A  C  G  T
01  161  332  116  957  N
02  129  378  130  929  N
03  7  59  14  1486  T
04  23  1076  51  416  C
05  10  75  0  1481  T
06  15  74  38  1439  T
07  33  1133  36  364  C
08  14  113  5  1434  T
09  12  70  18  1466  T
10  116  451  169  830  N
11  182  569  183  632  N
XX
IC  0.474 0.462 1.653 0.868 1.666 1.484 0.929 1.521 1.581 0.371 0.217
XX
XL
00  11
01  37
02  40
03  51
04  232
05  99
06  195
07  324
08  244
09  178
10  155
XX
//
