AC  K562.SRSF7.6
XX
TY  Motif
XX
ID  K562.SRSF7.6
XX
NA  K562.SRSF7.6
XX
DE  N=286, Consensus=NNACTTCGANN, Score=151.172228948141
P0  A  C  G  T
01  80  70  99  37  N
02  91  50  85  60  N
03  204  29  18  35  A
04  2  282  0  2  C
05  33  0  15  238  T
06  1  0  0  285  T
07  0  277  2  7  C
08  32  19  214  21  G
09  253  8  18  7  A
10  68  66  124  28  N
11  90  65  99  32  N
XX
IC  0.070 0.034 0.688 1.872 1.189 1.959 1.767 0.789 1.310 0.161 0.098
XX
XL
00  1
01  2
02  6
03  0
04  10
05  263
06  2
07  1
08  0
09  0
10  1
XX
//
