AC  K562.SAFB2.4
XX
TY  Motif
XX
ID  K562.SAFB2.4
XX
NA  K562.SAFB2.4
XX
DE  N=2658, Consensus=NNAGGGAGANN, Score=461.684385887364
P0  A  C  G  T
01  654  341  1019  644  N
02  465  596  857  740  N
03  2574  0  52  32  A
04  154  0  2489  15  G
05  69  3  2570  16  G
06  151  30  2451  26  G
07  2570  0  56  32  A
08  37  17  2570  34  G
09  1352  306  758  242  A
10  728  446  1081  403  N
11  936  409  926  387  N
XX
IC  0.096 0.035 1.767 1.630 1.760 1.518 1.758 1.739 0.313 0.115 0.119
XX
XL
00  208
01  42
02  8
03  16
04  2032
05  137
06  10
07  2
08  30
09  106
10  67
XX
//
