AC  K562.UCHL5.6
XX
TY  Motif
XX
ID  K562.UCHL5.6
XX
NA  K562.UCHL5.6
XX
DE  N=653, Consensus=NNTGATGGANN, Score=175.923819842113
P0  A  C  G  T
01  133  106  199  215  N
02  179  131  134  209  N
03  56  8  42  547  T
04  14  32  570  37  G
05  525  66  41  21  A
06  37  0  45  571  T
07  7  0  615  31  G
08  67  15  555  16  G
09  575  24  27  27  A
10  148  130  240  135  N
11  205  123  182  143  N
XX
IC  0.053 0.025 1.146 1.259 0.999 1.327 1.636 1.204 1.280 0.047 0.025
XX
XL
00  125
01  30
02  98
03  3
04  6
05  263
06  44
07  10
08  8
09  31
10  35
XX
//
