AC  K562.ZNF622.5
XX
TY  Motif
XX
ID  K562.ZNF622.5
XX
NA  K562.ZNF622.5
XX
DE  N=424, Consensus=NNCATCGAGNN, Score=157.958738792759
P0  A  C  G  T
01  132  83  114  95  N
02  108  97  61  158  N
03  0  417  5  2  C
04  365  8  15  36  A
05  9  7  8  400  T
06  4  367  28  25  C
07  28  58  325  13  G
08  377  3  16  28  A
09  25  51  327  21  G
10  141  82  139  62  N
11  144  72  94  114  N
XX
IC  0.017 0.072 1.859 1.228 1.592 1.251 0.895 1.356 0.883 0.075 0.040
XX
XL
00  15
01  53
02  5
03  1
04  287
05  31
06  0
07  9
08  4
09  5
10  14
XX
//
