AC  K562.HNRNPK.8
XX
TY  Motif
XX
ID  K562.HNRNPK.8
XX
NA  K562.HNRNPK.8
XX
DE  N=104, Consensus=NNATCCCATNN, Score=91.710040449281
P0  A  C  G  T
01  24  63  5  12  N
02  5  64  6  29  N
03  72  10  12  10  A
04  2  2  1  99  T
05  0  67  1  36  C
06  1  102  0  1  C
07  0  103  0  1  C
08  87  6  0  11  A
09  0  3  3  98  T
10  2  25  9  68  N
11  3  62  8  31  N
XX
IC  0.483 0.586 0.603 1.628 0.976 1.823 1.901 1.184 1.603 0.669 0.582
XX
XL
00  1
01  3
02  29
03  11
04  3
05  0
06  1
07  12
08  17
09  22
10  5
XX
//
