AC  K562.HNRNPM.8
XX
TY  Motif
XX
ID  K562.HNRNPM.8
XX
NA  K562.HNRNPM.8
XX
DE  N=1240, Consensus=NNTTGGCTGNN, Score=257.916202581487
P0  A  C  G  T
01  204  182  336  518  N
02  143  197  215  685  N
03  21  66  65  1088  T
04  17  2  65  1156  T
05  19  4  1065  152  G
06  36  83  1029  92  G
07  50  1026  76  88  C
08  115  27  27  1071  T
09  27  42  1130  41  G
10  168  239  431  402  N
11  168  243  552  277  N
XX
IC  0.127 0.306 1.285 1.581 1.319 1.087 1.068 1.257 1.428 0.093 0.144
XX
XL
00  105
01  95
02  611
03  121
04  51
05  28
06  41
07  52
08  43
09  44
10  49
XX
//
