AC  K562.XRN2.7
XX
TY  Motif
XX
ID  K562.XRN2.7
XX
NA  K562.XRN2.7
XX
DE  N=122, Consensus=NNGGGTCCGNN, Score=76.7518301869885
P0  A  C  G  T
01  9  32  49  32  N
02  14  30  51  27  N
03  4  0  118  0  G
04  0  3  116  3  G
05  2  7  106  7  G
06  2  6  11  103  T
07  6  93  17  6  C
08  8  97  9  8  C
09  4  7  104  7  G
10  11  26  69  16  N
11  13  27  63  19  N
XX
IC  0.163 0.119 1.774 1.650 1.236 1.152 0.860 0.926 1.151 0.345 0.246
XX
XL
00  12
01  9
02  7
03  20
04  11
05  24
06  5
07  2
08  12
09  10
10  10
XX
//
