AC  K562.DDX24.5
XX
TY  Motif
XX
ID  K562.DDX24.5
XX
NA  K562.DDX24.5
XX
DE  N=46, Consensus=NNACCAAAGNN, Score=45.4800142128968
P0  A  C  G  T
01  13  8  8  17  N
02  11  11  13  11  N
03  38  1  4  3  A
04  3  37  0  6  C
05  0  42  3  1  C
06  44  1  1  0  A
07  40  3  2  1  A
08  36  1  5  4  A
09  3  0  41  2  G
10  5  14  15  12  N
11  7  8  12  19  N
XX
IC  0.029 0.000 1.042 1.060 1.456 1.651 1.204 0.902 1.351 0.050 0.068
XX
XL
00  11
01  5
02  3
03  0
04  2
05  5
06  1
07  3
08  6
09  3
10  7
XX
//
