AC  K562.SND1.2
XX
TY  Motif
XX
ID  K562.SND1.2
XX
NA  K562.SND1.2
XX
DE  N=126, Consensus=NNCTACACANN, Score=81.0104692438151
P0  A  C  G  T
01  27  20  19  60  N
02  27  29  19  51  N
03  4  100  5  17  C
04  7  6  0  113  T
05  105  10  5  6  A
06  0  119  3  4  C
07  115  5  2  4  A
08  3  111  4  8  C
09  106  8  6  6  A
10  10  35  44  37  N
11  28  34  17  47  N
XX
IC  0.164 0.079 0.986 1.401 1.080 1.619 1.425 1.283 1.102 0.130 0.070
XX
XL
00  21
01  13
02  5
03  43
04  1
05  0
06  3
07  3
08  3
09  4
10  30
XX
//
