AC  K562.DDX24.8
XX
TY  Motif
XX
ID  K562.DDX24.8
XX
NA  K562.DDX24.8
XX
DE  N=50, Consensus=NNAGCAACTNN, Score=51.4516195922565
P0  A  C  G  T
01  8  8  16  18  N
02  8  18  15  9  N
03  46  0  1  3  A
04  4  2  41  3  G
05  4  36  9  1  C
06  46  2  1  1  A
07  42  0  6  2  A
08  4  43  2  1  C
09  1  2  0  47  T
10  6  8  18  18  N
11  6  12  13  19  N
XX
IC  0.054 0.037 1.490 1.001 0.766 1.435 1.193 1.179 1.574 0.105 0.060
XX
XL
00  10
01  0
02  3
03  1
04  0
05  1
06  0
07  1
08  20
09  10
10  4
XX
//
