AC  K562.HNRNPK.7
XX
TY  Motif
XX
ID  K562.HNRNPK.7
XX
NA  K562.HNRNPK.7
XX
DE  N=101, Consensus=NNAGTCCCCNN, Score=74.6602418513154
P0  A  C  G  T
01  14  39  11  37  N
02  21  40  16  24  N
03  59  10  3  29  A
04  3  9  85  4  G
05  0  4  1  96  T
06  0  94  1  6  C
07  3  97  0  1  C
08  4  93  0  4  C
09  6  91  1  3  C
10  28  30  16  27  N
11  10  42  18  31  N
XX
IC  0.174 0.064 0.528 1.123 1.659 1.574 1.706 1.500 1.384 0.015 0.155
XX
XL
00  8
01  11
02  9
03  31
04  13
05  3
06  0
07  1
08  1
09  14
10  10
XX
//
