AC  K562.U2AF1.0
XX
TY  Motif
XX
ID  K562.U2AF1.0
XX
NA  K562.U2AF1.0
XX
DE  N=271, Consensus=NNTCTAGGTNN, Score=126.477482601507
P0  A  C  G  T
01  36  61  30  144  N
02  33  68  21  149  N
03  0  12  0  259  T
04  13  173  24  61  C
05  2  16  1  252  T
06  255  0  2  14  A
07  0  0  269  2  G
08  8  17  233  13  G
09  16  14  24  217  T
10  46  58  84  83  N
11  36  96  80  59  N
XX
IC  0.285 0.361 1.730 0.574 1.571 1.636 1.929 1.194 0.964 0.035 0.076
XX
XL
00  12
01  28
02  29
03  6
04  38
05  100
06  1
07  17
08  21
09  15
10  4
XX
//
