AC  K562.FMR1.3
XX
TY  Motif
XX
ID  K562.FMR1.3
XX
NA  K562.FMR1.3
XX
DE  N=111, Consensus=NNATGACGCNN, Score=76.9614875693647
P0  A  C  G  T
01  21  34  25  31  N
02  13  17  27  54  N
03  102  3  2  4  A
04  1  1  2  107  T
05  0  3  108  0  G
06  102  6  3  0  A
07  12  74  17  8  C
08  4  17  84  6  G
09  9  90  11  1  C
10  22  41  22  26  N
11  18  26  53  14  N
XX
IC  0.005 0.202 1.450 1.703 1.801 1.500 0.556 0.861 1.050 0.034 0.178
XX
XL
00  6
01  40
02  20
03  27
04  6
05  3
06  4
07  4
08  1
09  0
10  0
XX
//
