AC  K562.BUD13.2
XX
TY  Motif
XX
ID  K562.BUD13.2
XX
NA  K562.BUD13.2
XX
DE  N=1170, Consensus=NNAGGTATGNN, Score=288.901775657023
P0  A  C  G  T
01  318  274  335  243  N
02  356  457  244  113  N
03  1119  6  21  24  A
04  19  0  1119  32  G
05  10  8  1134  18  G
06  14  15  26  1115  T
07  1042  23  54  51  A
08  373  81  199  517  T
09  13  27  1087  43  G
10  207  221  386  356  N
11  240  286  426  218  N
XX
IC  0.009 0.149 1.679 1.698 1.754 1.653 1.336 0.250 1.527 0.052 0.050
XX
XL
00  23
01  13
02  4
03  893
04  14
05  25
06  9
07  108
08  26
09  31
10  24
XX
//
