AC  K562.SRSF7.1
XX
TY  Motif
XX
ID  K562.SRSF7.1
XX
NA  K562.SRSF7.1
XX
DE  N=121, Consensus=NNAGAGACTNN, Score=84.6417791712386
P0  A  C  G  T
01  47  4  29  41  N
02  29  35  43  14  N
03  96  6  8  11  A
04  7  6  108  0  G
05  110  2  3  6  A
06  15  7  95  4  G
07  117  1  2  1  A
08  13  102  2  4  C
09  5  8  5  103  T
10  14  12  29  66  N
11  11  66  22  22  N
XX
IC  0.267 0.080 0.929 1.383 1.412 0.934 1.723 1.168 1.145 0.321 0.296
XX
XL
00  19
01  2
02  5
03  5
04  0
05  0
06  1
07  1
08  23
09  58
10  7
XX
//
