AC  K562.RBM22.6
XX
TY  Motif
XX
ID  K562.RBM22.6
XX
NA  K562.RBM22.6
XX
DE  N=77, Consensus=NNTTAGACCNN, Score=64.5008190944595
P0  A  C  G  T
01  15  17  8  37  N
02  9  22  10  36  N
03  2  0  4  71  T
04  2  4  1  70  T
05  62  0  7  8  A
06  6  4  63  4  G
07  66  3  3  5  A
08  3  70  2  2  C
09  6  66  0  5  C
10  18  19  6  34  N
11  14  16  15  32  N
XX
IC  0.184 0.198 1.506 1.407 1.066 1.005 1.160 1.391 1.238 0.176 0.068
XX
XL
00  6
01  7
02  13
03  32
04  3
05  2
06  1
07  0
08  1
09  2
10  10
XX
//
