AC  K562.PPIL4.8
XX
TY  Motif
XX
ID  K562.PPIL4.8
XX
NA  K562.PPIL4.8
XX
DE  N=28, Consensus=NNAAGCCCGNN, Score=43.7164164563331
P0  A  C  G  T
01  5  2  11  10  N
02  2  4  18  4  N
03  25  0  3  0  A
04  25  0  2  1  A
05  0  0  28  0  G
06  0  26  2  0  C
07  0  27  0  1  C
08  7  16  2  3  C
09  4  2  22  0  G
10  4  2  14  8  N
11  1  7  12  8  N
XX
IC  0.147 0.439 1.431 1.333 1.923 1.551 1.700 0.344 0.976 0.233 0.211
XX
XL
00  4
01  11
02  2
03  2
04  0
05  0
06  1
07  1
08  1
09  3
10  3
XX
//
