AC  K562.GNL3.1
XX
TY  Motif
XX
ID  K562.GNL3.1
XX
NA  K562.GNL3.1
XX
DE  N=35, Consensus=NNCTGAGACNN, Score=42.9190287646657
P0  A  C  G  T
01  6  2  11  16  N
02  9  0  13  13  N
03  1  27  0  7  C
04  1  1  0  33  T
05  2  1  31  1  G
06  33  0  1  1  A
07  5  0  29  1  G
08  30  1  3  1  A
09  2  29  2  2  C
10  14  6  6  9  N
11  8  6  14  7  N
XX
IC  0.225 0.373 1.038 1.565 1.254 1.565 1.166 1.151 1.006 0.033 0.022
XX
XL
00  9
01  3
02  2
03  4
04  1
05  3
06  0
07  4
08  1
09  4
10  4
XX
//
