AC  K562.HNRNPU.1
XX
TY  Motif
XX
ID  K562.HNRNPU.1
XX
NA  K562.HNRNPU.1
XX
DE  N=344, Consensus=NNAGAGCACNN, Score=151.982925897798
P0  A  C  G  T
01  87  12  209  36  N
02  97  27  200  20  N
03  267  0  66  11  A
04  2  0  341  1  G
05  295  3  34  12  A
06  8  15  310  11  G
07  12  310  16  6  C
08  317  17  5  5  A
09  28  234  75  7  C
10  113  62  100  69  N
11  61  63  153  67  N
XX
IC  0.546 0.497 1.094 1.914 1.245 1.376 1.382 1.493 0.728 0.038 0.123
XX
XL
00  181
01  20
02  68
03  3
04  10
05  1
06  2
07  3
08  3
09  35
10  18
XX
//
