AC  K562.NPM1.1
XX
TY  Motif
XX
ID  K562.NPM1.1
XX
NA  K562.NPM1.1
XX
DE  N=53, Consensus=NNCTTAGATNN, Score=54.4981527132709
P0  A  C  G  T
01  17  6  13  17  N
02  10  9  20  14  N
03  5  41  3  4  C
04  2  1  0  50  T
05  2  0  4  47  T
06  50  0  1  2  A
07  2  2  47  2  G
08  46  2  1  4  A
09  2  0  0  51  T
10  2  20  15  16  N
11  11  6  24  12  N
XX
IC  0.054 0.033 0.835 1.593 1.346 1.593 1.270 1.214 1.727 0.213 0.130
XX
XL
00  14
01  7
02  6
03  6
04  3
05  1
06  1
07  4
08  4
09  2
10  5
XX
//
