AC  K562.FXR2.4
XX
TY  Motif
XX
ID  K562.FXR2.4
XX
NA  K562.FXR2.4
XX
DE  N=111, Consensus=NNACCTGCGNN, Score=71.7883646495687
P0  A  C  G  T
01  17  31  20  43  N
02  25  22  23  41  N
03  91  4  7  9  A
04  0  101  10  0  C
05  2  102  5  2  C
06  3  2  7  99  T
07  3  6  99  3  G
08  6  86  9  10  C
09  7  5  93  6  G
10  9  36  32  34  N
11  14  28  49  20  N
XX
IC  0.076 0.032 1.027 1.544 1.458 1.337 1.324 0.861 1.086 0.120 0.136
XX
XL
00  26
01  24
02  1
03  1
04  1
05  23
06  4
07  8
08  4
09  11
10  8
XX
//
