AC  K562.KHSRP.7
XX
TY  Motif
XX
ID  K562.KHSRP.7
XX
NA  K562.KHSRP.7
XX
DE  N=3472, Consensus=NNGTAATGTNN, Score=465.346645524928
P0  A  C  G  T
01  1056  327  298  1791  N
02  864  131  220  2257  N
03  312  74  2232  854  G
04  155  0  0  3317  T
05  3266  24  41  141  A
06  3184  52  20  216  A
07  55  6  0  3411  T
08  314  72  2237  849  G
09  74  31  22  3345  T
10  926  343  725  1478  N
11  894  435  537  1606  N
XX
IC  0.359 0.666 0.661 1.736 1.603 1.502 1.864 0.664 1.722 0.165 0.189
XX
XL
00  473
01  564
02  13
03  81
04  121
05  420
06  346
07  318
08  353
09  371
10  412
XX
//
