AC  K562.FXR1.3
XX
TY  Motif
XX
ID  K562.FXR1.3
XX
NA  K562.FXR1.3
XX
DE  N=176, Consensus=NNATTCGAANN,NNATTCGAGNN, Score=89.1915894281917
P0  A  C  G  T
01  55  23  29  69  N
02  52  26  24  74  N
03  151  5  4  16  A
04  0  0  0  176  T
05  6  3  1  166  T
06  13  87  21  55  C
07  9  17  136  14  G
08  168  0  5  3  A
09  98  2  76  0  A
10  55  33  52  36  N
11  57  25  54  40  N
XX
IC  0.121 0.143 1.214 1.988 1.599 0.317 0.865 1.678 0.921 0.022 0.052
XX
XL
00  5
01  11
02  22
03  50
04  43
05  22
06  3
07  4
08  2
09  4
10  10
XX
//
