AC  K562.BUD13.3
XX
TY  Motif
XX
ID  K562.BUD13.3
XX
NA  K562.BUD13.3
XX
DE  N=1692, Consensus=NNCAGGTAANN, Score=359.260491539547
P0  A  C  G  T
01  425  467  334  466  N
02  422  459  446  365  N
03  244  1266  140  42  C
04  1612  13  22  45  A
05  44  7  1621  20  G
06  26  13  1641  12  G
07  16  35  23  1618  T
08  1279  67  326  20  A
09  1355  126  123  88  A
10  213  206  1081  192  N
11  303  345  562  482  N
XX
IC  0.011 0.004 0.853 1.658 1.694 1.759 1.673 0.976 0.966 0.483 0.042
XX
XL
00  46
01  12
02  4
03  14
04  1459
05  21
06  37
07  8
08  11
09  38
10  42
XX
//
