AC  K562.PPIL4.7
XX
TY  Motif
XX
ID  K562.PPIL4.7
XX
NA  K562.PPIL4.7
XX
DE  N=51, Consensus=NNAGTCCTCNN, Score=48.9109664339397
P0  A  C  G  T
01  13  3  16  19  N
02  13  10  15  13  N
03  43  0  2  6  A
04  2  0  46  3  G
05  2  1  3  45  T
06  2  43  1  5  C
07  7  38  0  6  C
08  1  2  0  48  T
09  2  43  1  5  C
10  11  8  11  21  N
11  4  8  18  21  N
XX
IC  0.159 0.000 1.204 1.400 1.263 1.127 0.885 1.581 1.127 0.057 0.193
XX
XL
00  8
01  4
02  3
03  1
04  7
05  1
06  0
07  9
08  2
09  10
10  6
XX
//
