AC  K562.TAF15.1
XX
TY  Motif
XX
ID  K562.TAF15.1
XX
NA  K562.TAF15.1
XX
DE  N=63, Consensus=NNGTAAGGTNN, Score=62.6404028398821
P0  A  C  G  T
01  12  5  24  22  N
02  9  1  28  25  N
03  1  0  59  3  G
04  2  1  10  50  T
05  56  2  1  4  A
06  62  0  0  1  A
07  2  0  58  3  G
08  0  0  62  1  G
09  22  1  5  35  T
10  14  8  25  16  N
11  17  5  23  18  N
XX
IC  0.159 0.421 1.573 1.027 1.309 1.848 1.489 1.848 0.580 0.074 0.118
XX
XL
00  6
01  7
02  5
03  4
04  1
05  1
06  20
07  10
08  0
09  5
10  4
XX
//
