AC  K562.ZNF622.2
XX
TY  Motif
XX
ID  K562.ZNF622.2
XX
NA  K562.ZNF622.2
XX
DE  N=554, Consensus=NNTGATGGANN, Score=161.781841767893
P0  A  C  G  T
01  104  111  157  182  N
02  150  125  106  173  N
03  36  3  27  488  T
04  16  28  473  37  G
05  440  42  52  20  A
06  33  5  9  507  T
07  15  6  501  32  G
08  79  20  445  10  G
09  508  13  16  17  A
10  131  123  217  83  N
11  169  130  156  99  N
XX
IC  0.035 0.020 1.325 1.175 0.957 1.479 1.416 1.064 1.452 0.082 0.024
XX
XL
00  109
01  22
02  111
03  11
04  8
05  202
06  27
07  9
08  5
09  24
10  26
XX
//
