AC  K562.CPSF6.2
XX
TY  Motif
XX
ID  K562.CPSF6.2
XX
NA  K562.CPSF6.2
XX
DE  N=91, Consensus=NNAAAGAAGNN, Score=63.4891580762845
P0  A  C  G  T
01  37  10  26  18  N
02  31  9  26  25  N
03  62  6  16  7  A
04  81  4  2  4  A
05  78  0  7  6  A
06  4  3  79  5  G
07  82  4  2  3  A
08  86  0  3  2  A
09  4  1  83  3  G
10  34  16  30  11  N
11  29  14  26  22  N
XX
IC  0.119 0.088 0.615 1.309 1.242 1.209 1.359 1.616 1.423 0.108 0.023
XX
XL
00  6
01  11
02  13
03  3
04  6
05  15
06  2
07  3
08  7
09  12
10  13
XX
//
