AC  K562.NONO.3
XX
TY  Motif
XX
ID  K562.NONO.3
XX
NA  K562.NONO.3
XX
DE  N=886, Consensus=NNTGTGCGTNN, Score=236.400351869483
P0  A  C  G  T
01  101  180  168  437  N
02  133  171  428  154  N
03  0  7  21  858  T
04  0  15  858  13  G
05  5  11  28  842  T
06  0  6  880  0  G
07  53  453  77  303  C
08  47  71  700  68  G
09  13  49  31  793  T
10  86  151  513  136  N
11  112  189  225  360  N
XX
IC  0.215 0.183 1.770 1.764 1.649 1.939 0.424 0.928 1.365 0.364 0.115
XX
XL
00  52
01  14
02  212
03  3
04  191
05  4
06  60
07  8
08  190
09  38
10  114
XX
//
