AC  K562.HNRNPU.5
XX
TY  Motif
XX
ID  K562.HNRNPU.5
XX
NA  K562.HNRNPU.5
XX
DE  N=373, Consensus=NNGTCACAGNN, Score=145.667420168144
P0  A  C  G  T
01  77  35  109  152  N
02  73  15  127  158  N
03  19  19  253  82  G
04  20  14  23  316  T
05  14  311  30  18  C
06  333  24  3  13  A
07  6  331  23  13  C
08  360  3  0  10  A
09  5  3  355  10  G
10  58  65  191  59  N
11  79  65  168  61  N
XX
IC  0.158 0.293 0.696 1.140 1.094 1.369 1.329 1.749 1.647 0.222 0.135
XX
XL
00  59
01  67
02  79
03  5
04  8
05  1
06  3
07  3
08  3
09  127
10  18
XX
//
