AC  K562.FMR1.7
XX
TY  Motif
XX
ID  K562.FMR1.7
XX
NA  K562.FMR1.7
XX
DE  N=121, Consensus=NNTGCACCGNN, Score=75.9097898706786
P0  A  C  G  T
01  24  26  25  46  N
02  30  19  36  36  N
03  5  0  2  114  T
04  2  3  109  7  G
05  4  101  10  6  C
06  101  6  8  6  A
07  3  106  10  2  C
08  6  101  6  8  C
09  8  9  101  3  G
10  21  40  42  18  N
11  14  32  50  25  N
XX
IC  0.042 0.023 1.613 1.378 1.090 1.076 1.287 1.076 1.094 0.077 0.118
XX
XL
00  26
01  17
02  47
03  0
04  9
05  1
06  3
07  5
08  5
09  3
10  5
XX
//
