AC  K562.SRSF7.3
XX
TY  Motif
XX
ID  K562.SRSF7.3
XX
NA  K562.SRSF7.3
XX
DE  N=112, Consensus=NNAAGAACANN, Score=80.4482096899151
P0  A  C  G  T
01  36  18  19  39  N
02  25  30  38  19  N
03  88  12  9  3  A
04  106  1  4  1  A
05  6  1  105  0  G
06  96  3  8  5  A
07  100  8  2  2  A
08  12  81  16  3  C
09  100  0  3  9  A
10  20  10  12  70  N
11  14  63  22  13  N
XX
IC  0.066 0.025 0.930 1.612 1.606 1.178 1.355 0.756 1.403 0.457 0.317
XX
XL
00  19
01  9
02  2
03  3
04  3
05  1
06  1
07  3
08  4
09  54
10  13
XX
//
