AC  K562.TNRC6A.4
XX
TY  Motif
XX
ID  K562.TNRC6A.4
XX
NA  K562.TNRC6A.4
XX
DE  N=80, Consensus=NNACTGACANN, Score=71.6108759844727
P0  A  C  G  T
01  42  19  9  10  N
02  12  43  9  16  N
03  76  2  2  0  A
04  4  72  0  4  C
05  9  0  0  71  T
06  2  22  40  16  G
07  66  5  0  9  A
08  3  76  1  0  C
09  80  0  0  0  A
10  7  34  13  26  N
11  41  13  15  11  N
XX
IC  0.263 0.262 1.637 1.404 1.466 0.363 1.139 1.646 1.973 0.188 0.206
XX
XL
00  2
01  5
02  1
03  20
04  17
05  19
06  3
07  1
08  1
09  9
10  2
XX
//
