AC  K562.RBM22.5
XX
TY  Motif
XX
ID  K562.RBM22.5
XX
NA  K562.RBM22.5
XX
DE  N=225, Consensus=NNGGCTTTCNN, Score=111.082144066021
P0  A  C  G  T
01  33  56  62  74  N
02  45  27  63  90  N
03  10  8  188  19  G
04  12  22  181  10  G
05  7  188  15  15  C
06  3  6  3  213  T
07  0  4  1  220  T
08  0  13  18  194  T
09  4  186  18  17  C
10  41  88  27  69  N
11  38  57  64  66  N
XX
IC  0.045 0.116 1.102 0.985 1.097 1.610 1.821 1.277 1.087 0.123 0.020
XX
XL
00  8
01  15
02  5
03  0
04  1
05  6
06  90
07  84
08  5
09  3
10  8
XX
//
