AC  K562.NPM1.4
XX
TY  Motif
XX
ID  K562.NPM1.4
XX
NA  K562.NPM1.4
XX
DE  N=22, Consensus=NNACTCCCANN, Score=39.9576114116329
P0  A  C  G  T
01  6  10  2  4  N
02  0  4  8  10  N
03  16  5  0  1  A
04  1  17  3  1  C
05  0  0  0  22  T
06  0  18  3  1  C
07  1  21  0  0  C
08  0  21  0  1  C
09  20  0  1  1  A
10  2  12  6  2  N
11  0  5  9  8  N
XX
IC  0.112 0.407 0.879 0.817 1.902 1.070 1.635 1.635 1.371 0.284 0.358
XX
XL
00  0
01  3
02  6
03  2
04  4
05  0
06  1
07  1
08  0
09  1
10  4
XX
//
