AC  K562.U2AF1.1
XX
TY  Motif
XX
ID  K562.U2AF1.1
XX
NA  K562.U2AF1.1
XX
DE  N=585, Consensus=NNTTTCAGGNN, Score=191.616197855646
P0  A  C  G  T
01  74  103  39  369  N
02  85  79  12  409  N
03  4  5  0  576  T
04  2  6  2  575  T
05  42  21  19  503  T
06  35  398  34  118  C
07  551  6  1  27  A
08  8  0  561  16  G
09  69  29  433  54  G
10  95  154  141  195  N
11  142  121  161  161  N
XX
IC  0.498 0.726 1.866 1.848 1.203 0.671 1.627 1.712 0.779 0.040 0.006
XX
XL
00  158
01  84
02  64
03  56
04  25
05  66
06  44
07  4
08  55
09  10
10  19
XX
//
