AC  K562.NONO.1
XX
TY  Motif
XX
ID  K562.NONO.1
XX
NA  K562.NONO.1
XX
DE  N=1362, Consensus=NNTGTACCGNN,NNTGTGCCGNN, Score=268.766371774906
P0  A  C  G  T
01  211  383  281  487  N
02  178  470  295  419  N
03  101  48  82  1131  T
04  32  75  1159  96  G
05  13  17  48  1284  T
06  278  22  974  88  A
07  9  1305  22  26  C
08  98  1082  34  148  C
09  47  61  1159  95  G
10  168  405  349  440  N
11  137  508  459  258  N
XX
IC  0.067 0.084 1.083 1.173 1.605 0.833 1.686 0.981 1.164 0.076 0.151
XX
XL
00  49
01  32
02  239
03  5
04  847
05  2
06  2
07  78
08  25
09  42
10  41
XX
//
