AC  K562.IGF2BP1.7
XX
TY  Motif
XX
ID  K562.IGF2BP1.7
XX
NA  K562.IGF2BP1.7
XX
DE  N=153, Consensus=NNCCACAACNN, Score=86.6432250009436
P0  A  C  G  T
01  30  35  24  64  N
02  29  29  36  59  N
03  0  146  0  7  C
04  8  123  3  19  C
05  127  9  0  17  A
06  4  142  5  2  C
07  130  12  3  8  A
08  117  9  8  19  A
09  5  135  6  7  C
10  21  56  8  68  N
11  27  28  37  61  N
XX
IC  0.093 0.055 1.718 1.025 1.170 1.505 1.164 0.853 1.278 0.319 0.072
XX
XL
00  28
01  19
02  1
03  17
04  7
05  3
06  5
07  1
08  1
09  41
10  30
XX
//
