AC  K562.NCBP2.6
XX
TY  Motif
XX
ID  K562.NCBP2.6
XX
NA  K562.NCBP2.6
XX
DE  N=30, Consensus=NNGATGGCGNN, Score=49.8364546049038
P0  A  C  G  T
01  3  5  15  7  N
02  4  3  22  1  N
03  2  0  28  0  G
04  18  1  10  1  A
05  3  0  6  21  T
06  0  0  30  0  G
07  0  0  30  0  G
08  2  24  4  0  C
09  0  0  30  0  G
10  0  7  21  2  N
11  4  13  13  0  N
XX
IC  0.175 0.716 1.575 0.630 0.771 1.928 1.928 1.022 1.928 0.817 0.495
XX
XL
00  4
01  4
02  3
03  2
04  5
05  1
06  2
07  2
08  0
09  1
10  6
XX
//
