AC  K562.EFTUD2.4
XX
TY  Motif
XX
ID  K562.EFTUD2.4
XX
NA  K562.EFTUD2.4
XX
DE  N=103, Consensus=NNGGTATGTNN, Score=78.1934777929835
P0  A  C  G  T
01  26  17  22  38  N
02  35  0  48  20  N
03  3  1  79  20  G
04  0  0  103  0  G
05  4  3  4  92  T
06  81  7  12  3  A
07  15  4  5  79  T
08  0  0  96  7  G
09  2  1  6  94  T
10  12  18  47  26  N
11  10  20  26  47  N
XX
IC  0.042 0.477 1.013 1.979 1.321 0.933 0.887 1.621 1.444 0.160 0.175
XX
XL
00  6
01  4
02  38
03  1
04  4
05  0
06  17
07  0
08  9
09  7
10  17
XX
//
