AC  K562.HNRNPU.8
XX
TY  Motif
XX
ID  K562.HNRNPU.8
XX
NA  K562.HNRNPU.8
XX
DE  N=379, Consensus=NNGGTCAGANN, Score=148.37984782029
P0  A  C  G  T
01  74  40  162  103  N
02  76  7  183  113  N
03  28  0  338  13  G
04  3  3  359  14  G
05  22  9  61  287  T
06  8  323  35  13  C
07  367  0  4  8  A
08  5  13  356  5  G
09  260  7  97  15  A
10  61  34  231  53  N
11  126  63  132  58  N
XX
IC  0.157 0.395 1.402 1.634 0.900 1.196 1.763 1.578 0.827 0.426 0.091
XX
XL
00  40
01  86
02  34
03  79
04  8
05  4
06  1
07  9
08  68
09  15
10  35
XX
//
