AC  K562.HNRNPK.6
XX
TY  Motif
XX
ID  K562.HNRNPK.6
XX
NA  K562.HNRNPK.6
XX
DE  N=107, Consensus=NNATCCCTCNN, Score=85.7719238974809
P0  A  C  G  T
01  15  47  6  39  N
02  7  45  6  49  N
03  39  21  14  33  A
04  1  5  0  101  T
05  0  103  0  4  C
06  0  107  0  0  C
07  1  102  1  3  C
08  4  4  0  99  T
09  1  93  2  11  C
10  16  42  4  45  N
11  10  63  14  20  N
XX
IC  0.297 0.448 0.081 1.632 1.750 1.980 1.643 1.522 1.296 0.337 0.374
XX
XL
00  13
01  14
02  29
03  8
04  2
05  1
06  8
07  11
08  6
09  11
10  4
XX
//
