AC  K562.MTPAP.7
XX
TY  Motif
XX
ID  K562.MTPAP.7
XX
NA  K562.MTPAP.7
XX
DE  N=127, Consensus=NNTGATCAANN, Score=78.1144879705956
P0  A  C  G  T
01  28  14  34  51  N
02  35  19  31  42  N
03  3  0  0  124  T
04  2  13  101  11  G
05  114  5  3  5  A
06  8  11  6  102  T
07  3  101  19  4  C
08  118  5  3  1  A
09  108  4  11  4  A
10  19  29  55  24  N
11  29  21  43  34  N
XX
IC  0.114 0.036 1.822 0.984 1.348 0.964 1.025 1.518 1.164 0.109 0.029
XX
XL
00  15
01  8
02  51
03  7
04  4
05  14
06  4
07  1
08  1
09  12
10  10
XX
//
