AC  K562.LIN28B.4
XX
TY  Motif
XX
ID  K562.LIN28B.4
XX
NA  K562.LIN28B.4
XX
DE  N=1000, Consensus=NNTGATACCNN, Score=263.630148621976
P0  A  C  G  T
01  296  160  213  331  N
02  545  18  263  174  N
03  59  7  21  913  T
04  16  24  915  45  G
05  981  3  5  11  A
06  14  10  22  954  T
07  835  28  56  81  A
08  64  756  53  127  C
09  99  757  45  99  C
10  357  199  201  243  N
11  243  227  319  211  N
XX
IC  0.052 0.471 1.470 1.455 1.836 1.659 1.110 0.836 0.832 0.043 0.017
XX
XL
00  53
01  39
02  60
03  8
04  10
05  800
06  1
07  4
08  1
09  14
10  10
XX
//
