AC  K562.TIA1.4
XX
TY  Motif
XX
ID  K562.TIA1.4
XX
NA  K562.TIA1.4
XX
DE  N=1837, Consensus=NNTTCTGGTNN, Score=280.070375080854
P0  A  C  G  T
01  382  330  346  779  N
02  298  366  297  876  N
03  59  64  52  1662  T
04  41  76  81  1639  T
05  66  1414  91  266  C
06  45  35  18  1739  T
07  55  10  1728  44  G
08  82  133  1535  87  G
09  73  124  206  1434  T
10  220  560  564  493  N
11  322  482  541  492  N
XX
IC  0.104 0.175 1.395 1.341 0.917 1.619 1.594 1.099 0.918 0.077 0.024
XX
XL
00  102
01  133
02  133
03  137
04  198
05  174
06  55
07  230
08  363
09  107
10  205
XX
//
