AC  K562.TBRG4.9
XX
TY  Motif
XX
ID  K562.TBRG4.9
XX
NA  K562.TBRG4.9
XX
DE  N=25, Consensus=NNGATAGGCNN, Score=36.9861246592442
P0  A  C  G  T
01  6  5  5  9  N
02  2  2  9  12  N
03  0  0  24  1  G
04  20  2  3  0  A
05  4  2  1  18  T
06  20  1  4  0  A
07  0  1  24  0  G
08  0  0  24  1  G
09  1  20  3  1  C
10  8  8  6  3  N
11  7  2  10  6  N
XX
IC  0.000 0.292 1.671 0.997 0.672 1.047 1.671 1.671 0.917 0.000 0.085
XX
XL
00  7
01  5
02  1
03  0
04  3
05  0
06  0
07  2
08  2
09  1
10  4
XX
//
