AC  K562.SND1.9
XX
TY  Motif
XX
ID  K562.SND1.9
XX
NA  K562.SND1.9
XX
DE  N=68, Consensus=NNACCTACGNN, Score=57.9214856631794
P0  A  C  G  T
01  10  18  20  20  N
02  11  31  6  20  N
03  65  1  0  2  A
04  5  56  3  4  C
05  3  63  1  1  C
06  0  2  0  66  T
07  51  1  12  4  A
08  3  58  1  6  C
09  6  7  51  4  G
10  16  17  13  22  N
11  14  23  18  13  N
XX
IC  0.015 0.198 1.667 1.022 1.488 1.777 0.885 1.175 0.770 0.000 0.006
XX
XL
00  3
01  7
02  3
03  3
04  1
05  32
06  4
07  2
08  3
09  6
10  4
XX
//
