AC  K562.IGF2BP2.1
XX
TY  Motif
XX
ID  K562.IGF2BP2.1
XX
NA  K562.IGF2BP2.1
XX
DE  N=228, Consensus=NNCCCGCTANN, Score=112.369902313288
P0  A  C  G  T
01  26  77  43  82  N
02  40  82  50  56  N
03  2  216  8  2  C
04  6  213  2  7  C
05  29  182  4  13  C
06  12  11  191  14  G
07  0  226  2  0  C
08  4  8  0  216  T
09  135  38  36  19  A
10  36  110  41  41  N
11  28  69  69  62  N
XX
IC  0.120 0.042 1.627 1.546 1.015 1.095 1.918 1.645 0.393 0.172 0.064
XX
XL
00  12
01  1
02  6
03  2
04  10
05  0
06  55
07  94
08  9
09  17
10  22
XX
//
