AC  K562.U2AF2.7
XX
TY  Motif
XX
ID  K562.U2AF2.7
XX
NA  K562.U2AF2.7
XX
DE  N=9529, Consensus=NNTTTCTCCNN, Score=755.081798315722
P0  A  C  G  T
01  1151  2629  899  4850  N
02  969  2510  703  5347  N
03  106  469  66  8888  T
04  63  511  140  8815  T
05  110  965  224  8230  T
06  174  7196  329  1830  C
07  146  924  0  8459  T
08  136  8256  239  898  C
09  208  8347  23  951  C
10  1589  4195  347  3398  N
11  1485  3374  1258  3412  N
XX
IC  0.302 0.412 1.570 1.532 1.281 0.964 1.428 1.279 1.359 0.343 0.135
XX
XL
00  368
01  2101
02  2079
03  2253
04  464
05  376
06  251
07  116
08  281
09  633
10  607
XX
//
