AC  K562.HNRNPU.7
XX
TY  Motif
XX
ID  K562.HNRNPU.7
XX
NA  K562.HNRNPU.7
XX
DE  N=4859, Consensus=NNAGGAAGGNN, Score=567.376640573975
P0  A  C  G  T
01  1029  723  1857  1250  N
02  986  1235  1563  1075  N
03  4578  0  206  75  A
04  88  0  4739  32  G
05  115  87  4585  72  G
06  2979  186  1582  112  A
07  4425  0  398  36  A
08  96  0  4763  0  G
09  449  442  3745  223  G
10  1525  845  1883  606  N
11  1905  824  1513  617  N
XX
IC  0.082 0.023 1.632 1.812 1.599 0.734 1.529 1.859 0.874 0.131 0.134
XX
XL
00  398
01  124
02  42
03  278
04  2847
05  64
06  7
07  181
08  571
09  293
10  54
XX
//
