AC  K562.HNRNPM.6
XX
TY  Motif
XX
ID  K562.HNRNPM.6
XX
NA  K562.HNRNPM.6
XX
DE  N=338, Consensus=NNCGTGGTTNN, Score=127.872871119806
P0  A  C  G  T
01  56  64  80  138  N
02  57  67  88  126  N
03  26  225  23  64  C
04  5  37  265  31  G
05  4  5  7  322  T
06  3  3  317  15  G
07  7  4  292  35  G
08  5  7  9  317  T
09  6  7  27  298  T
10  23  63  96  156  N
11  49  88  76  125  N
XX
IC  0.090 0.062 0.600 0.963 1.645 1.586 1.281 1.562 1.323 0.247 0.069
XX
XL
00  28
01  11
02  5
03  16
04  15
05  4
06  11
07  64
08  90
09  63
10  31
XX
//
