AC  K562.NONO.4
XX
TY  Motif
XX
ID  K562.NONO.4
XX
NA  K562.NONO.4
XX
DE  N=410, Consensus=NNGTGCGTTNN, Score=143.611362113911
P0  A  C  G  T
01  66  90  162  92  N
02  46  36  109  219  N
03  2  12  386  10  G
04  3  6  9  392  T
05  0  4  399  7  G
06  17  276  57  60  C
07  11  30  331  38  G
08  7  12  18  373  T
09  12  29  48  321  T
10  43  78  132  157  N
11  41  100  156  113  N
XX
IC  0.077 0.341 1.596 1.671 1.791 0.618 1.011 1.423 0.937 0.141 0.123
XX
XL
00  17
01  65
02  6
03  83
04  1
05  10
06  18
07  50
08  66
09  60
10  34
XX
//
