AC  K562.TAF15.2
XX
TY  Motif
XX
ID  K562.TAF15.2
XX
NA  K562.TAF15.2
XX
DE  N=71, Consensus=NNGTAGCAGNN, Score=73.6249811822048
P0  A  C  G  T
01  36  3  18  14  N
02  11  0  46  14  N
03  2  0  64  5  G
04  7  1  24  39  T
05  59  0  6  6  A
06  3  0  67  1  G
07  3  64  1  3  C
08  68  0  1  2  A
09  0  0  69  2  G
10  19  8  30  14  N
11  22  8  33  8  N
XX
IC  0.316 0.685 1.420 0.550 1.145 1.611 1.362 1.678 1.784 0.119 0.222
XX
XL
00  7
01  6
02  39
03  3
04  1
05  0
06  0
07  0
08  1
09  11
10  3
XX
//
