AC  K562.CPSF6.0
XX
TY  Motif
XX
ID  K562.CPSF6.0
XX
NA  K562.CPSF6.0
XX
DE  N=133, Consensus=NNGAAGAAANN,NNGAAGATANN, Score=78.4690240880653
P0  A  C  G  T
01  77  9  23  24  N
02  45  1  41  46  N
03  3  0  127  3  G
04  123  1  9  0  A
05  115  1  8  9  A
06  6  0  126  1  G
07  119  7  4  3  A
08  77  3  4  49  A
09  74  9  32  18  A
10  47  22  37  27  N
11  39  16  39  39  N
XX
IC  0.381 0.349 1.673 1.563 1.242 1.655 1.341 0.721 0.365 0.044 0.059
XX
XL
00  15
01  12
02  27
03  8
04  5
05  5
06  4
07  9
08  8
09  20
10  20
XX
//
