AC  K562.MTPAP.1
XX
TY  Motif
XX
ID  K562.MTPAP.1
XX
NA  K562.MTPAP.1
XX
DE  N=59, Consensus=NNAAGCACCNN, Score=53.5799396587124
P0  A  C  G  T
01  19  4  19  17  N
02  8  18  20  13  N
03  52  3  2  2  A
04  54  0  0  5  A
05  5  5  49  0  G
06  1  54  3  1  C
07  46  4  3  6  A
08  0  47  9  3  C
09  4  52  2  1  C
10  8  20  9  22  N
11  10  13  25  11  N
XX
IC  0.130 0.040 1.253 1.545 1.137 1.428 0.866 1.070 1.274 0.099 0.072
XX
XL
00  8
01  20
02  1
03  7
04  1
05  1
06  0
07  2
08  2
09  10
10  7
XX
//
