AC  K562.DDX24.3
XX
TY  Motif
XX
ID  K562.DDX24.3
XX
NA  K562.DDX24.3
XX
DE  N=59, Consensus=NNAGTAAGTNN, Score=57.5408530818297
P0  A  C  G  T
01  18  9  18  14  N
02  27  14  17  1  N
03  43  4  8  4  A
04  2  0  57  0  G
05  8  2  3  46  T
06  51  2  5  1  A
07  55  0  0  4  A
08  1  1  53  4  G
09  0  0  4  55  T
10  13  8  26  12  N
11  12  12  18  17  N
XX
IC  0.012 0.338 0.713 1.750 0.908 1.215 1.606 1.362 1.606 0.103 0.000
XX
XL
00  7
01  1
02  21
03  1
04  2
05  0
06  4
07  1
08  10
09  2
10  10
XX
//
