AC  K562.KHDRBS1.3
XX
TY  Motif
XX
ID  K562.KHDRBS1.3
XX
NA  K562.KHDRBS1.3
XX
DE  N=2143, Consensus=NNCATATAANN, Score=391.324379320736
P0  A  C  G  T
01  794  224  156  969  N
02  1073  144  116  810  N
03  468  1212  57  406  C
04  2026  0  0  117  A
05  94  10  0  2039  T
06  1479  0  19  645  A
07  93  0  0  2050  T
08  2052  5  0  86  A
09  2087  0  0  56  A
10  1225  232  154  532  N
11  1120  227  207  589  N
XX
IC  0.335 0.479 0.461 1.693 1.697 1.048 1.741 1.732 1.824 0.419 0.329
XX
XL
00  46
01  96
02  61
03  116
04  492
05  538
06  280
07  128
08  97
09  127
10  162
XX
//
