AC  K562.KHSRP.0
XX
TY  Motif
XX
ID  K562.KHSRP.0
XX
NA  K562.KHSRP.0
XX
DE  N=6194, Consensus=NNTTGATGTNN, Score=604.052961745398
P0  A  C  G  T
01  1421  611  466  3696  N
02  1619  431  598  3546  N
03  100  44  36  6014  T
04  94  0  47  6053  T
05  854  318  3903  1119  G
06  5213  229  60  692  A
07  189  26  41  5938  T
08  431  203  4733  827  G
09  177  115  111  5791  T
10  1595  593  1606  2400  N
11  1385  913  1345  2551  N
XX
IC  0.457 0.440 1.768 1.822 0.520 1.196 1.707 0.886 1.552 0.137 0.104
XX
XL
00  475
01  2261
02  287
03  90
04  330
05  653
06  306
07  321
08  426
09  480
10  565
XX
//
