AC  K562.UCHL5.2
XX
TY  Motif
XX
ID  K562.UCHL5.2
XX
NA  K562.UCHL5.2
XX
DE  N=307, Consensus=NNTCAAGCANN, Score=115.53155338335
P0  A  C  G  T
01  60  101  59  87  N
02  88  48  48  123  N
03  15  13  17  262  T
04  12  262  21  12  C
05  264  28  4  11  A
06  295  0  7  5  A
07  25  23  254  5  G
08  25  250  17  15  C
09  267  21  2  17  A
10  75  49  105  78  N
11  67  73  96  71  N
XX
IC  0.032 0.110 1.161 1.167 1.237 1.717 1.095 1.013 1.275 0.042 0.008
XX
XL
00  61
01  22
02  68
03  71
04  4
05  7
06  6
07  6
08  7
09  26
10  29
XX
//
