AC  K562.DDX3X.5
XX
TY  Motif
XX
ID  K562.DDX3X.5
XX
NA  K562.DDX3X.5
XX
DE  N=53, Consensus=NNTGACGCGNN, Score=55.294849240642
P0  A  C  G  T
01  0  15  17  21  N
02  7  11  11  24  N
03  0  0  9  44  T
04  1  1  51  0  G
05  40  8  4  1  A
06  4  38  10  1  C
07  0  2  49  2  G
08  3  46  3  1  C
09  1  0  50  2  G
10  7  16  24  6  N
11  5  13  16  19  N
XX
IC  0.388 0.114 1.302 1.690 0.852 0.772 1.498 1.205 1.593 0.178 0.088
XX
XL
00  8
01  10
02  18
03  3
04  1
05  1
06  1
07  0
08  0
09  5
10  6
XX
//
