AC  K562.HNRNPM.4
XX
TY  Motif
XX
ID  K562.HNRNPM.4
XX
NA  K562.HNRNPM.4
XX
DE  N=827, Consensus=NNCTTGGTGNN, Score=191.046889076052
P0  A  C  G  T
01  140  130  240  317  N
02  133  128  190  376  N
03  29  573  73  152  C
04  17  36  27  747  T
05  11  15  53  748  T
06  9  9  726  83  G
07  14  42  738  33  G
08  43  17  41  726  T
09  16  16  764  31  G
10  141  152  307  227  N
11  135  194  241  257  N
XX
IC  0.096 0.152 0.703 1.392 1.425 1.358 1.347 1.281 1.494 0.070 0.037
XX
XL
00  86
01  52
02  130
03  141
04  143
05  33
06  50
07  40
08  36
09  52
10  64
XX
//
