AC  K562.HNRNPU.3
XX
TY  Motif
XX
ID  K562.HNRNPU.3
XX
NA  K562.HNRNPU.3
XX
DE  N=876, Consensus=NNAGGTCACNN,NNAGGTCAGNN, Score=232.756710879041
P0  A  C  G  T
01  105  72  565  134  N
02  148  110  542  76  N
03  764  4  66  42  A
04  43  1  812  20  G
05  49  56  726  45  G
06  71  82  128  595  T
07  53  713  86  24  C
08  861  0  0  15  A
09  21  120  733  2  C
10  171  82  519  104  N
11  212  110  456  98  N
XX
IC  0.512 0.454 1.299 1.547 1.067 0.599 1.040 1.873 1.240 0.405 0.282
XX
XL
00  351
01  49
02  34
03  29
04  68
05  13
06  6
07  3
08  30
09  249
10  44
XX
//
