AC  K562.TROVE2.3
XX
TY  Motif
XX
ID  K562.TROVE2.3
XX
NA  K562.TROVE2.3
XX
DE  N=69, Consensus=NNTATGCTCNN, Score=64.9616306531206
P0  A  C  G  T
01  16  9  10  34  N
02  6  12  16  35  N
03  0  0  1  68  T
04  38  6  7  18  A
05  4  0  0  65  T
06  3  0  59  7  G
07  0  66  0  3  C
08  0  2  0  67  T
09  3  55  5  6  C
10  16  20  5  28  N
11  11  16  16  26  N
XX
IC  0.189 0.238 1.859 0.348 1.649 1.244 1.711 1.779 0.930 0.159 0.038
XX
XL
00  5
01  4
02  31
03  4
04  7
05  0
06  3
07  3
08  6
09  5
10  1
XX
//
