AC  K562.U2AF1.3
XX
TY  Motif
XX
ID  K562.U2AF1.3
XX
NA  K562.U2AF1.3
XX
DE  N=1693, Consensus=NNTTCTTCCNN, Score=324.380019043416
P0  A  C  G  T
01  136  446  132  979  N
02  131  439  91  1032  N
03  14  73  14  1592  T
04  19  121  67  1486  T
05  40  1211  38  404  C
06  17  169  0  1507  T
07  0  155  27  1511  T
08  24  1450  38  181  C
09  28  1564  0  101  C
10  292  738  60  603  N
11  229  607  267  590  N
XX
IC  0.456 0.546 1.605 1.304 0.909 1.451 1.441 1.252 1.553 0.338 0.128
XX
XL
00  106
01  239
02  421
03  164
04  142
05  288
06  60
07  26
08  31
09  93
10  123
XX
//
