AC  K562.HLTF.2
XX
TY  Motif
XX
ID  K562.HLTF.2
XX
NA  K562.HLTF.2
XX
DE  N=420, Consensus=NNAAGAAACNN, Score=144.911864908389
P0  A  C  G  T
01  152  54  82  132  N
02  133  53  152  82  N
03  374  17  19  10  A
04  397  0  13  10  A
05  29  10  358  23  G
06  402  7  7  4  A
07  401  4  5  10  A
08  376  7  27  10  A
09  76  238  44  62  C
10  114  59  56  191  N
11  98  51  157  114  N
XX
IC  0.099 0.102 1.328 1.634 1.174 1.674 1.663 1.371 0.336 0.182 0.094
XX
XL
00  57
01  65
02  13
03  10
04  31
05  4
06  13
07  13
08  30
09  102
10  82
XX
//
