AC  K562.IGF2BP2.2
XX
TY  Motif
XX
ID  K562.IGF2BP2.2
XX
NA  K562.IGF2BP2.2
XX
DE  N=309, Consensus=NNCCACACCNN, Score=114.796944246785
P0  A  C  G  T
01  61  87  51  110  N
02  70  75  40  124  N
03  8  272  8  21  C
04  8  274  5  22  C
05  234  38  5  32  A
06  5  284  15  5  C
07  263  23  7  16  A
08  7  257  19  26  C
09  13  284  2  10  C
10  51  99  44  115  N
11  69  93  66  81  N
XX
IC  0.057 0.101 1.294 1.335 0.882 1.477 1.171 1.100 1.482 0.107 0.007
XX
XL
00  58
01  37
02  8
03  42
04  10
05  8
06  5
07  17
08  40
09  50
10  34
XX
//
