AC  K562.HNRNPM.5
XX
TY  Motif
XX
ID  K562.HNRNPM.5
XX
NA  K562.HNRNPM.5
XX
DE  N=803, Consensus=NNCTGGTGTNN, Score=188.153185124124
P0  A  C  G  T
01  139  136  198  330  N
02  126  155  187  335  N
03  41  610  62  90  C
04  37  6  12  748  T
05  14  9  736  44  G
06  23  47  656  77  G
07  31  4  32  736  T
08  12  27  683  81  G
09  28  35  53  687  T
10  75  126  312  290  N
11  101  131  312  259  N
XX
IC  0.100 0.104 0.838 1.554 1.478 1.048 1.477 1.210 1.180 0.198 0.138
XX
XL
00  117
01  46
02  17
03  72
04  16
05  54
06  45
07  115
08  130
09  101
10  90
XX
//
