AC  K562.ZNF622.8
XX
TY  Motif
XX
ID  K562.ZNF622.8
XX
NA  K562.ZNF622.8
XX
DE  N=303, Consensus=NNAGCAACANN, Score=115.142938650736
P0  A  C  G  T
01  82  49  60  112  N
02  62  110  86  45  N
03  279  6  7  11  A
04  14  12  253  24  G
05  28  256  14  5  C
06  280  6  7  10  A
07  221  14  28  40  A
08  11  262  25  5  C
09  276  7  4  16  A
10  69  49  79  106  N
11  50  103  82  68  N
XX
IC  0.064 0.069 1.472 1.096 1.167 1.488 0.753 1.243 1.438 0.046 0.041
XX
XL
00  91
01  12
02  10
03  17
04  10
05  4
06  31
07  9
08  10
09  67
10  42
XX
//
