AC  K562.UCHL5.5
XX
TY  Motif
XX
ID  K562.UCHL5.5
XX
NA  K562.UCHL5.5
XX
DE  N=492, Consensus=NNTGGACCANN, Score=167.48696408481
P0  A  C  G  T
01  98  138  94  162  N
02  91  176  78  147  N
03  12  0  10  470  T
04  6  6  452  28  G
05  19  9  456  8  G
06  436  20  21  15  A
07  35  396  39  22  C
08  69  379  27  17  C
09  410  23  16  43  A
10  72  87  229  104  N
11  96  163  142  91  N
XX
IC  0.034 0.073 1.688 1.493 1.510 1.306 0.982 0.911 1.102 0.160 0.040
XX
XL
00  32
01  27
02  327
03  20
04  7
05  3
06  4
07  6
08  9
09  33
10  24
XX
//
