AC  K562.IGF2BP1.0
XX
TY  Motif
XX
ID  K562.IGF2BP1.0
XX
NA  K562.IGF2BP1.0
XX
DE  N=326, Consensus=NNCATTCCANN, Score=133.335766114087
P0  A  C  G  T
01  104  74  38  110  N
02  96  71  23  136  N
03  15  265  10  36  C
04  228  23  3  72  A
05  0  0  4  322  T
06  3  3  9  311  T
07  12  270  5  39  C
08  6  307  0  13  C
09  292  11  2  21  A
10  86  71  71  98  N
11  106  80  56  84  N
XX
IC  0.092 0.199 1.041 0.819 1.898 1.661 1.134 1.620 1.386 0.007 0.028
XX
XL
00  15
01  3
02  27
03  69
04  117
05  32
06  6
07  15
08  20
09  4
10  18
XX
//
