AC  K562.XRN2.2
XX
TY  Motif
XX
ID  K562.XRN2.2
XX
NA  K562.XRN2.2
XX
DE  N=143, Consensus=NNGGGCCCCNN, Score=78.2741518246512
P0  A  C  G  T
01  22  43  50  28  N
02  17  31  48  47  N
03  5  7  110  21  G
04  8  8  116  11  G
05  3  8  127  5  G
06  5  125  6  7  C
07  2  131  4  6  C
08  3  126  6  8  C
09  1  130  6  6  C
10  26  42  46  29  N
11  20  38  58  27  N
XX
IC  0.057 0.085 0.905 0.990 1.314 1.241 1.447 1.282 1.426 0.025 0.098
XX
XL
00  17
01  38
02  17
03  14
04  10
05  3
06  3
07  3
08  6
09  9
10  23
XX
//
