AC  K562.DDX3X.6
XX
TY  Motif
XX
ID  K562.DDX3X.6
XX
NA  K562.DDX3X.6
XX
DE  N=62, Consensus=NNGCGCGACNN, Score=56.8389145242432
P0  A  C  G  T
01  4  24  23  11  N
02  9  19  20  14  N
03  0  2  58  2  G
04  0  52  6  4  C
05  1  0  61  0  G
06  2  48  10  2  C
07  0  3  53  6  G
08  45  6  8  3  A
09  0  56  3  3  C
10  3  25  16  18  N
11  11  12  15  24  N
XX
IC  0.207 0.027 1.555 1.171 1.846 0.935 1.234 0.711 1.410 0.203 0.039
XX
XL
00  4
01  11
02  0
03  4
04  0
05  4
06  6
07  1
08  2
09  12
10  18
XX
//
