AC  K562.EFTUD2.6
XX
TY  Motif
XX
ID  K562.EFTUD2.6
XX
NA  K562.EFTUD2.6
XX
DE  N=91, Consensus=NNAGGTATGNN, Score=75.4642876136694
P0  A  C  G  T
01  18  13  35  25  N
02  22  22  35  12  N
03  87  0  3  1  A
04  1  2  79  9  G
05  2  1  88  0  G
06  4  0  7  80  T
07  79  4  4  4  A
08  19  3  16  53  T
09  0  0  90  1  G
10  14  19  30  28  N
11  19  24  32  16  N
XX
IC  0.070 0.070 1.680 1.276 1.737 1.330 1.205 0.447 1.889 0.038 0.026
XX
XL
00  4
01  2
02  1
03  50
04  0
05  6
06  0
07  17
08  2
09  1
10  8
XX
//
