AC  K562.HNRNPA1.4
XX
TY  Motif
XX
ID  K562.HNRNPA1.4
XX
NA  K562.HNRNPA1.4
XX
DE  N=608, Consensus=NNCAGATAGNN, Score=198.515959205433
P0  A  C  G  T
01  119  68  255  166  N
02  114  68  309  117  N
03  34  406  141  27  C
04  590  0  0  18  A
05  16  13  573  6  G
06  450  24  81  53  A
07  39  57  46  466  T
08  606  2  0  0  A
09  14  3  583  8  G
10  108  100  301  99  N
11  161  97  245  105  N
XX
IC  0.145 0.236 0.686 1.804 1.593 0.797 0.846 1.965 1.693 0.197 0.100
XX
XL
00  40
01  221
02  1
03  0
04  2
05  94
06  5
07  0
08  3
09  235
10  7
XX
//
