AC  K562.XRCC6.0
XX
TY  Motif
XX
ID  K562.XRCC6.0
XX
NA  K562.XRCC6.0
XX
DE  N=54, Consensus=NNTAACGAGNN, Score=77.0156261016856
P0  A  C  G  T
01  3  2  4  45  N
02  4  1  5  44  N
03  0  0  0  54  T
04  53  0  0  1  A
05  53  0  0  1  A
06  18  16  15  5  C
07  5  5  42  2  G
08  52  0  0  2  A
09  0  0  54  0  G
10  25  16  6  7  N
11  9  21  7  17  N
XX
IC  1.055 1.017 1.960 1.827 1.827 0.080 0.866 1.731 1.960 0.191 0.092
XX
XL
00  36
01  2
02  3
03  0
04  0
05  12
06  0
07  1
08  0
09  0
10  0
XX
//
