AC  K562.XRN2.3
XX
TY  Motif
XX
ID  K562.XRN2.3
XX
NA  K562.XRN2.3
XX
DE  N=251, Consensus=NNCCCGGGTNN,NNCCCGGGGNN, Score=96.9931529163048
P0  A  C  G  T
01  31  65  99  56  N
02  30  55  97  69  N
03  2  202  31  16  C
04  0  224  15  12  C
05  6  201  21  23  C
06  35  11  194  11  G
07  4  5  231  11  G
08  3  12  225  11  G
09  3  5  132  111  T
10  38  50  107  56  N
11  55  67  80  49  N
XX
IC  0.102 0.103 1.058 1.392 0.991 0.912 1.476 1.366 0.794 0.108 0.017
XX
XL
00  36
01  15
02  12
03  2
04  5
05  16
06  68
07  29
08  36
09  10
10  22
XX
//
