AC  K562.TIA1.1
XX
TY  Motif
XX
ID  K562.TIA1.1
XX
NA  K562.TIA1.1
XX
DE  N=3026, Consensus=NNCTCTTGGNN,NNTTCTTGGNN, Score=331.891560099572
P0  A  C  G  T
01  554  500  517  1455  N
02  513  606  547  1360  N
03  58  955  94  1919  C
04  95  134  87  2710  T
05  135  2153  137  601  C
06  63  275  33  2655  T
07  139  75  364  2448  T
08  38  48  2781  159  G
09  80  114  2760  72  G
10  524  830  1002  670  N
11  540  808  943  735  N
XX
IC  0.178 0.136 0.793 1.354 0.784 1.332 1.048 1.490 1.433 0.040 0.027
XX
XL
00  162
01  212
02  209
03  221
04  259
05  399
06  155
07  295
08  371
09  284
10  459
XX
//
