AC  K562.PRPF8.1
XX
TY  Motif
XX
ID  K562.PRPF8.1
XX
NA  K562.PRPF8.1
XX
DE  N=2542, Consensus=NNTAAGGTANN,NNTCAGGTANN, Score=389.05115450607
P0  A  C  G  T
01  640  540  668  694  N
02  537  578  447  980  N
03  393  599  392  1158  T
04  1026  1344  117  55  A
05  2423  7  20  92  A
06  52  7  2448  35  G
07  0  0  2525  17  G
08  21  18  39  2464  T
09  2218  39  255  30  A
10  1300  450  484  308  N
11  362  355  1524  301  N
XX
IC  0.005 0.068 0.159 0.661 1.682 1.723 1.941 1.755 1.327 0.238 0.395
XX
XL
00  496
01  173
02  50
03  18
04  42
05  1143
06  477
07  67
08  16
09  34
10  26
XX
//
