AC  K562.LSM11.9
XX
TY  Motif
XX
ID  K562.LSM11.9
XX
NA  K562.LSM11.9
XX
DE  N=65, Consensus=NNAAAGAGCNN, Score=55.5112171676437
P0  A  C  G  T
01  12  12  14  27  N
02  11  9  14  31  N
03  53  2  4  6  A
04  55  3  3  4  A
05  51  0  10  4  A
06  6  0  57  2  G
07  62  0  2  1  A
08  2  1  62  0  G
09  4  53  7  1  C
10  19  13  10  23  N
11  15  12  23  15  N
XX
IC  0.063 0.152 1.007 1.106 1.029 1.329 1.654 1.654 1.040 0.038 0.010
XX
XL
00  16
01  4
02  3
03  4
04  14
05  4
06  1
07  0
08  6
09  4
10  9
XX
//
