AC  K562.AGGF1.3
XX
TY  Motif
XX
ID  K562.AGGF1.3
XX
NA  K562.AGGF1.3
XX
DE  N=465, Consensus=NNAAAGAAGNN,NNAATGAAGNN, Score=127.347531513005
P0  A  C  G  T
01  144  55  95  171  N
02  126  47  155  137  N
03  365  26  47  27  A
04  420  10  22  13  A
05  236  0  20  209  A
06  38  13  384  30  G
07  428  18  19  0  A
08  428  2  16  19  A
09  49  14  348  54  G
10  138  73  150  104  N
11  163  65  105  132  N
XX
IC  0.109 0.103 0.916 1.391 0.785 1.073 1.515 1.496 0.827 0.046 0.068
XX
XL
00  54
01  59
02  32
03  14
04  66
05  40
06  15
07  25
08  61
09  46
10  53
XX
//
