AC  K562.PTBP1.2
XX
TY  Motif
XX
ID  K562.PTBP1.2
XX
NA  K562.PTBP1.2
XX
DE  N=2074, Consensus=NNTCTCTTCNN, Score=402.212646084003
P0  A  C  G  T
01  99  474  55  1446  N
02  65  710  60  1239  N
03  3  40  7  2024  T
04  19  1595  33  427  C
05  7  62  0  2005  T
06  20  1525  28  501  C
07  19  68  3  1984  T
08  14  98  29  1933  T
09  19  1538  27  490  C
10  145  763  59  1107  N
11  157  593  159  1165  N
XX
IC  0.801 0.721 1.813 1.081 1.773 1.029 1.700 1.561 1.044 0.570 0.449
XX
XL
00  90
01  266
02  87
03  152
04  157
05  264
06  120
07  427
08  136
09  108
10  267
XX
//
