AC  K562.SRSF1.3
XX
TY  Motif
XX
ID  K562.SRSF1.3
XX
NA  K562.SRSF1.3
XX
DE  N=1604, Consensus=NNCTCTGGANN,NNATCTGGANN, Score=322.64501123407
P0  A  C  G  T
01  357  391  583  273  N
02  362  434  539  269  N
03  705  692  62  145  C
04  173  231  175  1025  T
05  34  1415  65  90  C
06  21  9  9  1565  T
07  0  0  1579  25  G
08  10  22  1560  12  G
09  1394  58  106  46  A
10  285  486  564  269  N
11  302  572  516  214  N
XX
IC  0.054 0.043 0.459 0.488 1.301 1.798 1.883 1.776 1.244 0.072 0.101
XX
XL
00  23
01  17
02  9
03  192
04  12
05  1300
06  1
07  11
08  1
09  6
10  32
XX
//
