AC  K562.PPIL4.2
XX
TY  Motif
XX
ID  K562.PPIL4.2
XX
NA  K562.PPIL4.2
XX
DE  N=32, Consensus=NNTAACCGCNN, Score=45.7409350386291
P0  A  C  G  T
01  13  4  0  15  N
02  2  3  6  21  N
03  1  0  1  30  T
04  24  4  3  1  A
05  29  1  0  2  A
06  3  27  2  0  C
07  1  27  0  4  C
08  2  1  26  3  G
09  1  30  1  0  C
10  9  8  0  15  N
11  9  7  7  9  N
XX
IC  0.517 0.511 1.533 0.770 1.397 1.155 1.194 0.963 1.533 0.405 0.000
XX
XL
00  11
01  5
02  7
03  2
04  0
05  0
06  1
07  0
08  0
09  2
10  4
XX
//
