AC  K562.PTBP1.7
XX
TY  Motif
XX
ID  K562.PTBP1.7
XX
NA  K562.PTBP1.7
XX
DE  N=2992, Consensus=NNCTCTTTCNN, Score=507.430144929085
P0  A  C  G  T
01  123  1388  132  1349  N
02  122  523  61  2286  N
03  53  1845  59  1035  C
04  32  76  0  2884  T
05  15  2639  23  315  C
06  14  72  0  2906  T
07  20  376  74  2522  T
08  12  58  11  2911  T
09  25  2632  65  270  C
10  174  712  51  2055  N
11  182  1188  219  1403  N
XX
IC  0.579 0.960 0.825 1.744 1.405 1.793 1.235 1.789 1.346 0.795 0.436
XX
XL
00  223
01  72
02  82
03  95
04  312
05  176
06  974
07  217
08  179
09  157
10  505
XX
//
