AC  K562.NCBP2.3
XX
TY  Motif
XX
ID  K562.NCBP2.3
XX
NA  K562.NCBP2.3
XX
DE  N=18, Consensus=NNGGCCGTANN, Score=35.5238912369648
P0  A  C  G  T
01  2  3  9  4  N
02  2  3  6  7  N
03  0  0  18  0  G
04  0  0  17  1  G
05  0  17  1  0  C
06  2  15  1  0  C
07  0  0  17  1  G
08  0  0  3  15  T
09  10  3  3  2  A
10  2  7  8  1  N
11  0  11  3  4  N
XX
IC  0.115 0.039 1.880 1.570 1.570 1.077 1.570 1.230 0.195 0.246 0.533
XX
XL
00  4
01  2
02  0
03  4
04  0
05  1
06  1
07  4
08  1
09  1
10  0
XX
//
