AC  K562.ZRANB2.2
XX
TY  Motif
XX
ID  K562.ZRANB2.2
XX
NA  K562.ZRANB2.2
XX
DE  N=54, Consensus=NNGGTGGTANN, Score=52.2243571010075
P0  A  C  G  T
01  10  9  18  17  N
02  13  3  18  20  N
03  1  1  51  1  G
04  2  0  51  1  G
05  6  0  1  47  T
06  0  0  53  1  G
07  2  0  51  1  G
08  0  3  9  42  T
09  32  6  8  8  A
10  13  9  24  8  N
11  9  11  18  16  N
XX
IC  0.025 0.175 1.562 1.599 1.327 1.827 1.599 1.015 0.344 0.106 0.013
XX
XL
00  3
01  6
02  6
03  2
04  3
05  11
06  7
07  3
08  3
09  2
10  8
XX
//
