AC  K562.MTPAP.3
XX
TY  Motif
XX
ID  K562.MTPAP.3
XX
NA  K562.MTPAP.3
XX
DE  N=109, Consensus=NNAGAACAANN, Score=70.9367388183553
P0  A  C  G  T
01  23  17  44  25  N
02  46  18  31  14  N
03  99  0  2  8  A
04  6  0  99  4  G
05  99  1  3  6  A
06  97  4  5  3  A
07  9  76  20  4  C
08  93  10  0  6  A
09  95  2  3  9  A
10  22  15  45  27  N
11  20  19  35  35  N
XX
IC  0.073 0.130 1.472 1.449 1.419 1.309 0.696 1.238 1.262 0.095 0.039
XX
XL
00  16
01  5
02  10
03  7
04  3
05  1
06  6
07  6
08  7
09  21
10  27
XX
//
