AC  K562.PPIL4.3
XX
TY  Motif
XX
ID  K562.PPIL4.3
XX
NA  K562.PPIL4.3
XX
DE  N=47, Consensus=NNCCCAGAANN, Score=48.5918440491411
P0  A  C  G  T
01  6  10  11  20  N
02  12  11  6  18  N
03  4  39  0  4  C
04  2  43  0  2  C
05  3  42  1  1  C
06  41  1  1  4  A
07  4  0  43  0  G
08  34  5  6  2  A
09  43  1  0  3  A
10  15  7  10  15  N
11  5  8  18  16  N
XX
IC  0.085 0.051 1.126 1.449 1.319 1.243 1.534 0.699 1.465 0.018 0.116
XX
XL
00  13
01  4
02  2
03  3
04  1
05  1
06  1
07  1
08  3
09  5
10  13
XX
//
