AC  K562.SRSF1.5
XX
TY  Motif
XX
ID  K562.SRSF1.5
XX
NA  K562.SRSF1.5
XX
DE  N=540, Consensus=NNTGGACCANN, Score=228.949649745229
P0  A  C  G  T
01  93  182  93  172  N
02  32  417  28  63  N
03  3  0  4  533  T
04  1  0  539  0  G
05  0  1  537  2  G
06  519  9  6  6  A
07  23  417  80  20  C
08  36  465  26  13  C
09  315  57  46  122  A
10  46  62  372  60  N
11  103  160  196  81  N
XX
IC  0.067 0.883 1.883 1.977 1.941 1.698 0.930 1.210 0.412 0.612 0.079
XX
XL
00  21
01  39
02  454
03  2
04  2
05  0
06  0
07  8
08  10
09  2
10  2
XX
//
