AC  K562.XRN2.0
XX
TY  Motif
XX
ID  K562.XRN2.0
XX
NA  K562.XRN2.0
XX
DE  N=224, Consensus=NNGGGGCGCNN, Score=106.464828524979
P0  A  C  G  T
01  21  55  110  38  N
02  28  51  91  54  N
03  4  8  210  2  G
04  4  3  210  7  G
05  5  3  203  13  G
06  8  6  206  4  G
07  21  155  31  17  C
08  4  6  203  11  G
09  0  163  54  7  C
10  28  54  106  36  N
11  14  49  131  30  N
XX
IC  0.235 0.107 1.567 1.560 1.418 1.464 0.625 1.405 1.006 0.186 0.420
XX
XL
00  23
01  27
02  35
03  22
04  29
05  5
06  15
07  8
08  11
09  30
10  19
XX
//
