AC  K562.FXR1.6
XX
TY  Motif
XX
ID  K562.FXR1.6
XX
NA  K562.FXR1.6
XX
DE  N=50, Consensus=NNCGATTACNN, Score=51.7021412376148
P0  A  C  G  T
01  12  8  17  13  N
02  16  15  7  12  N
03  8  37  3  2  C
04  2  6  32  10  G
05  46  2  1  1  A
06  2  3  3  42  T
07  0  0  2  48  T
08  48  1  0  1  A
09  0  47  1  2  C
10  17  15  10  8  N
11  17  4  13  16  N
XX
IC  0.005 0.018 0.783 0.527 1.435 1.073 1.714 1.674 1.574 0.019 0.105
XX
XL
00  4
01  0
02  0
03  3
04  2
05  5
06  25
07  1
08  1
09  1
10  8
XX
//
