AC  K562.SMNDC1.4
XX
TY  Motif
XX
ID  K562.SMNDC1.4
XX
NA  K562.SMNDC1.4
XX
DE  N=114, Consensus=NNCTAACATNN, Score=75.1362209493198
P0  A  C  G  T
01  21  19  14  60  N
02  25  9  24  56  N
03  3  92  6  13  C
04  1  1  0  112  T
05  92  4  10  8  A
06  108  2  1  3  A
07  9  90  8  7  C
08  98  8  0  8  A
09  5  3  4  102  T
10  18  28  31  37  N
11  29  10  31  44  N
XX
IC  0.242 0.235 1.012 1.836 0.985 1.607 0.906 1.256 1.332 0.025 0.130
XX
XL
00  9
01  23
02  7
03  16
04  4
05  1
06  5
07  5
08  5
09  15
10  24
XX
//
