AC  K562.LSM11.3
XX
TY  Motif
XX
ID  K562.LSM11.3
XX
NA  K562.LSM11.3
XX
DE  N=99, Consensus=NNCTGTAACNN, Score=68.5827908115984
P0  A  C  G  T
01  15  16  17  51  N
02  28  12  15  44  N
03  4  73  0  22  C
04  1  2  0  96  T
05  2  5  82  10  G
06  7  2  5  85  T
07  89  5  3  2  A
08  89  3  5  2  A
09  8  85  5  1  C
10  43  20  11  25  N
11  22  25  27  25  N
XX
IC  0.211 0.161 0.985 1.754 1.088 1.188 1.356 1.356 1.211 0.136 0.000
XX
XL
00  10
01  7
02  17
03  20
04  13
05  9
06  5
07  1
08  3
09  7
10  7
XX
//
