AC  K562.FMR1.5
XX
TY  Motif
XX
ID  K562.FMR1.5
XX
NA  K562.FMR1.5
XX
DE  N=94, Consensus=NNCCGCATGNN, Score=64.6513557048769
P0  A  C  G  T
01  24  26  16  28  N
02  24  18  20  32  N
03  1  91  0  2  C
04  9  71  6  8  C
05  5  10  72  7  G
06  3  87  1  3  C
07  82  4  4  4  A
08  5  0  8  81  T
09  0  5  85  4  G
10  16  23  32  23  N
11  13  22  31  28  N
XX
IC  0.006 0.013 1.744 0.791 0.834 1.487 1.224 1.264 1.427 0.019 0.044
XX
XL
00  9
01  5
02  1
03  1
04  1
05  13
06  9
07  27
08  4
09  13
10  11
XX
//
