AC  K562.NSUN2.5
XX
TY  Motif
XX
ID  K562.NSUN2.5
XX
NA  K562.NSUN2.5
XX
DE  N=28, Consensus=NNCTACTGANN, Score=40.2824387268635
P0  A  C  G  T
01  4  6  4  14  N
02  2  6  9  11  N
03  1  26  1  0  C
04  0  2  1  25  T
05  19  1  3  5  A
06  2  26  0  0  C
07  1  0  0  27  T
08  3  0  24  1  G
09  25  0  1  2  A
10  12  5  8  3  N
11  10  4  6  8  N
XX
IC  0.144 0.119 1.480 1.333 0.582 1.551 1.700 1.215 1.333 0.093 0.000
XX
XL
00  2
01  1
02  0
03  9
04  0
05  2
06  2
07  2
08  3
09  3
10  4
XX
//
