AC  K562.PPIL4.6
XX
TY  Motif
XX
ID  K562.PPIL4.6
XX
NA  K562.PPIL4.6
XX
DE  N=150, Consensus=NNTGAATCANN, Score=92.625421301744
P0  A  C  G  T
01  47  15  8  80  N
02  40  11  15  84  N
03  0  0  0  150  T
04  12  5  117  16  G
05  137  3  3  7  A
06  140  1  5  4  A
07  14  7  3  126  T
08  13  93  31  13  C
09  144  2  1  3  A
10  47  14  58  31  N
11  27  35  41  47  N
XX
IC  0.420 0.400 1.986 0.907 1.434 1.541 1.136 0.476 1.685 0.141 0.014
XX
XL
00  37
01  37
02  16
03  1
04  3
05  5
06  18
07  1
08  5
09  8
10  19
XX
//
