AC  K562.HNRNPM.2
XX
TY  Motif
XX
ID  K562.HNRNPM.2
XX
NA  K562.HNRNPM.2
XX
DE  N=953, Consensus=NNTGTGGCTNN, Score=213.528771003372
P0  A  C  G  T
01  136  133  244  440  N
02  132  194  242  385  N
03  16  7  28  902  T
04  18  56  743  136  G
05  28  3  44  878  T
06  20  0  880  53  G
07  29  44  803  77  G
08  40  796  53  64  C
09  64  78  15  796  T
10  96  170  462  225  N
11  130  176  303  344  N
XX
IC  0.182 0.105 1.622 0.968 1.508 1.543 1.138 1.095 1.129 0.222 0.099
XX
XL
00  112
01  131
02  90
03  247
04  82
05  22
06  13
07  34
08  97
09  70
10  55
XX
//
