AC  K562.HNRNPA1.2
XX
TY  Motif
XX
ID  K562.HNRNPA1.2
XX
NA  K562.HNRNPA1.2
XX
DE  N=2603, Consensus=NNAGTCAGTNN,NNAGGCAGTNN, Score=430.718881086767
P0  A  C  G  T
01  490  405  1105  603  N
02  462  738  810  593  N
03  2603  0  0  0  A
04  34  0  2569  0  G
05  64  46  2015  478  T
06  416  1161  907  119  C
07  2603  0  0  0  A
08  0  0  2603  0  G
09  267  181  385  1770  T
10  533  674  926  470  N
11  1138  368  689  408  N
XX
IC  0.114 0.031 1.999 1.899 1.030 0.323 1.999 1.999 0.609 0.050 0.152
XX
XL
00  617
01  32
02  0
03  1
04  1609
05  3
06  2
07  5
08  300
09  12
10  22
XX
//
