AC  K562.HNRNPK.9
XX
TY  Motif
XX
ID  K562.HNRNPK.9
XX
NA  K562.HNRNPK.9
XX
DE  N=201, Consensus=NNACTTCCCNN, Score=122.352319271221
P0  A  C  G  T
01  29  93  17  62  N
02  26  121  6  48  N
03  88  83  10  20  A
04  3  170  5  23  C
05  3  5  4  189  T
06  0  8  4  189  T
07  0  190  3  8  C
08  0  200  0  1  C
09  3  190  0  8  C
10  49  70  8  74  N
11  43  49  44  65  N
XX
IC  0.247 0.522 0.394 1.204 1.570 1.608 1.637 1.944 1.637 0.247 0.010
XX
XL
00  2
01  10
02  2
03  2
04  105
05  34
06  1
07  1
08  2
09  15
10  27
XX
//
