AC  K562.FXR2.5
XX
TY  Motif
XX
ID  K562.FXR2.5
XX
NA  K562.FXR2.5
XX
DE  N=93, Consensus=NNCTGACGGNN, Score=62.193536234513
P0  A  C  G  T
01  18  28  19  28  N
02  16  28  19  30  N
03  7  76  2  8  C
04  3  0  2  88  T
05  1  1  86  5  G
06  75  5  10  3  A
07  12  65  5  11  C
08  5  2  80  6  G
09  0  3  89  1  G
10  18  28  32  15  N
11  13  24  39  17  N
XX
IC  0.007 0.024 1.034 1.622 1.505 0.994 0.643 1.189 1.686 0.043 0.102
XX
XL
00  13
01  13
02  15
03  14
04  7
05  8
06  6
07  4
08  2
09  4
10  7
XX
//
