AC  K562.FXR1.4
XX
TY  Motif
XX
ID  K562.FXR1.4
XX
NA  K562.FXR1.4
XX
DE  N=136, Consensus=NNATGACCCNN, Score=81.6021792212437
P0  A  C  G  T
01  34  27  24  51  N
02  17  28  37  54  N
03  107  5  9  15  A
04  2  1  2  131  T
05  0  4  128  4  G
06  111  14  5  6  A
07  6  117  8  5  C
08  2  126  2  6  C
09  8  102  10  16  C
10  41  37  22  36  N
11  23  34  52  27  N
XX
IC  0.049 0.100 0.927 1.701 1.603 1.033 1.183 1.504 0.792 0.019 0.057
XX
XL
00  14
01  36
02  4
03  55
04  3
05  2
06  3
07  3
08  2
09  7
10  7
XX
//
