AC  K562.NSUN2.2
XX
TY  Motif
XX
ID  K562.NSUN2.2
XX
NA  K562.NSUN2.2
XX
DE  N=23, Consensus=NNCTTATCANN, Score=34.6676790287683
P0  A  C  G  T
01  7  2  7  7  N
02  0  3  9  11  N
03  0  19  3  1  C
04  2  0  0  21  T
05  2  1  2  18  T
06  16  3  1  3  A
07  2  1  0  20  T
08  0  22  0  1  C
09  22  0  0  1  A
10  5  5  6  7  N
11  3  7  4  9  N
XX
IC  0.033 0.484 1.098 1.480 0.820 0.578 1.228 1.648 1.648 0.000 0.032
XX
XL
00  1
01  1
02  0
03  3
04  4
05  3
06  0
07  2
08  3
09  2
10  4
XX
//
