AC  K562.KHSRP.5
XX
TY  Motif
XX
ID  K562.KHSRP.5
XX
NA  K562.KHSRP.5
XX
DE  N=5326, Consensus=NNATTGTGTNN, Score=562.01120091596
P0  A  C  G  T
01  1491  429  563  2843  N
02  1398  692  379  2857  N
03  4568  52  42  664  A
04  86  15  0  5225  T
05  31  0  0  5295  T
06  464  302  3131  1429  G
07  81  0  9  5236  T
08  564  189  3609  964  G
09  162  24  41  5099  T
10  1527  517  950  2332  N
11  1339  627  955  2405  N
XX
IC  0.367 0.357 1.315 1.853 1.948 0.498 1.868 0.659 1.697 0.191 0.173
XX
XL
00  26
01  308
02  637
03  613
04  851
05  662
06  328
07  319
08  549
09  498
10  535
XX
//
