AC  K562.ZNF622.3
XX
TY  Motif
XX
ID  K562.ZNF622.3
XX
NA  K562.ZNF622.3
XX
DE  N=380, Consensus=NNACCATCGNN, Score=152.014122092926
P0  A  C  G  T
01  118  78  82  102  N
02  76  138  113  53  N
03  322  21  21  16  A
04  17  324  19  20  C
05  0  380  0  0  C
06  356  5  6  13  A
07  1  4  11  364  T
08  0  341  21  18  C
09  46  38  225  71  G
10  122  80  69  109  N
11  77  135  94  74  N
XX
IC  0.015 0.083 1.138 1.158 1.994 1.563 1.695 1.415 0.393 0.031 0.039
XX
XL
00  25
01  15
02  2
03  3
04  2
05  4
06  262
07  16
08  10
09  26
10  15
XX
//
