AC  K562.HNRNPU.4
XX
TY  Motif
XX
ID  K562.HNRNPU.4
XX
NA  K562.HNRNPU.4
XX
DE  N=178, Consensus=NNAGCACACNN, Score=108.417474578481
P0  A  C  G  T
01  18  1  113  46  N
02  42  11  98  27  N
03  167  2  2  7  A
04  3  4  164  7  G
05  8  161  6  3  C
06  159  6  3  10  A
07  13  136  22  7  C
08  162  12  3  1  A
09  7  122  37  12  C
10  64  34  45  35  N
11  34  39  65  40  N
XX
IC  0.691 0.361 1.572 1.473 1.392 1.345 0.859 1.461 0.697 0.038 0.037
XX
XL
00  116
01  11
02  12
03  2
04  3
05  2
06  0
07  0
08  2
09  23
10  7
XX
//
