AC  K562.IGF2BP1.4
XX
TY  Motif
XX
ID  K562.IGF2BP1.4
XX
NA  K562.IGF2BP1.4
XX
DE  N=113, Consensus=NNCCAGTCANN, Score=70.4456511034112
P0  A  C  G  T
01  22  29  13  49  N
02  21  29  21  42  N
03  5  103  1  4  C
04  0  102  1  10  C
05  96  4  2  11  A
06  3  6  93  11  G
07  2  5  3  103  T
08  4  99  6  4  C
09  85  8  1  19  A
10  13  34  30  36  N
11  23  26  26  38  N
XX
IC  0.136 0.044 1.429 1.478 1.180 1.059 1.418 1.248 0.909 0.067 0.009
XX
XL
00  21
01  4
02  0
03  15
04  10
05  4
06  5
07  5
08  19
09  12
10  18
XX
//
