AC  K562.U2AF2.2
XX
TY  Motif
XX
ID  K562.U2AF2.2
XX
NA  K562.U2AF2.2
XX
DE  N=14244, Consensus=NNTTCTTCCNN,NNTTCTCCCNN, Score=863.037553770425
P0  A  C  G  T
01  1510  4115  1240  7379  N
02  1148  3414  810  8872  N
03  111  751  139  13243  T
04  127  1306  483  12328  T
05  321  10332  474  3117  C
06  231  1515  0  12498  T
07  98  5839  169  8138  T
08  222  12115  259  1648  C
09  404  12724  34  1082  C
10  2514  5851  530  5349  N
11  2363  4840  2102  4939  N
XX
IC  0.341 0.552 1.559 1.277 0.897 1.394 0.886 1.243 1.405 0.324 0.104
XX
XL
00  1523
01  2551
02  4061
03  1026
04  963
05  1613
06  325
07  173
08  370
09  817
10  822
XX
//
