AC  K562.BUD13.7
XX
TY  Motif
XX
ID  K562.BUD13.7
XX
NA  K562.BUD13.7
XX
DE  N=1065, Consensus=NNGTAAGTANN, Score=264.753684225589
P0  A  C  G  T
01  446  198  229  192  N
02  230  107  482  246  N
03  16  6  1013  30  G
04  22  21  25  997  T
05  845  20  187  13  A
06  997  18  27  23  A
07  22  13  1009  21  G
08  53  48  77  887  T
09  737  81  179  68  A
10  215  280  321  249  N
11  194  326  322  223  N
XX
IC  0.098 0.181 1.651 1.554 1.107 1.555 1.619 1.087 0.662 0.014 0.034
XX
XL
00  31
01  849
02  5
03  29
04  4
05  44
06  20
07  25
08  4
09  28
10  26
XX
//
