AC  K562.DDX6.6
XX
TY  Motif
XX
ID  K562.DDX6.6
XX
NA  K562.DDX6.6
XX
DE  N=38, Consensus=NNGCATGCANN, Score=47.7009259020236
P0  A  C  G  T
01  4  4  17  13  N
02  2  5  10  21  N
03  0  1  37  0  G
04  6  28  3  1  C
05  27  3  1  7  A
06  0  0  2  36  T
07  0  1  37  0  G
08  0  31  4  3  C
09  33  2  0  3  A
10  7  5  13  13  N
11  3  5  15  15  N
XX
IC  0.211 0.355 1.767 0.771 0.716 1.646 1.767 1.072 1.254 0.050 0.210
XX
XL
00  4
01  3
02  2
03  2
04  2
05  8
06  0
07  0
08  0
09  9
10  8
XX
//
