AC  K562.UCHL5.1
XX
TY  Motif
XX
ID  K562.UCHL5.1
XX
NA  K562.UCHL5.1
XX
DE  N=275, Consensus=NNAAGAACCNN, Score=117.148998470216
P0  A  C  G  T
01  89  32  61  93  N
02  67  48  119  41  N
03  245  6  20  4  A
04  264  0  8  3  A
05  11  10  252  2  G
06  261  4  5  5  A
07  253  7  6  9  A
08  22  182  47  24  C
09  22  204  10  39  C
10  71  36  44  124  N
11  44  44  105  82  N
XX
IC  0.093 0.124 1.359 1.716 1.465 1.622 1.465 0.564 0.808 0.163 0.095
XX
XL
00  47
01  27
02  9
03  5
04  13
05  1
06  14
07  1
08  27
09  72
10  59
XX
//
