AC  K562.ILF3.6
XX
TY  Motif
XX
ID  K562.ILF3.6
XX
NA  K562.ILF3.6
XX
DE  N=182, Consensus=NNATCCCTGNN, Score=97.5205956729596
P0  A  C  G  T
01  20  52  25  85  N
02  20  63  20  79  N
03  103  24  18  37  A
04  6  6  4  166  T
05  0  163  15  4  C
06  2  175  0  5  C
07  6  167  0  9  C
08  11  3  0  168  T
09  2  4  163  13  G
10  34  46  46  56  N
11  31  48  63  40  N
XX
IC  0.215 0.236 0.341 1.421 1.428 1.720 1.497 1.539 1.381 0.010 0.036
XX
XL
00  40
01  25
02  13
03  19
04  0
05  1
06  2
07  27
08  14
09  27
10  14
XX
//
