AC  K562.NPM1.5
XX
TY  Motif
XX
ID  K562.NPM1.5
XX
NA  K562.NPM1.5
XX
DE  N=48, Consensus=NNGCTTAGANN, Score=59.1671949470986
P0  A  C  G  T
01  15  8  15  10  N
02  16  2  9  21  N
03  2  3  39  4  G
04  4  40  2  2  C
05  0  0  0  48  T
06  3  0  2  43  T
07  45  0  3  0  A
08  2  0  44  2  G
09  44  0  2  2  A
10  8  0  5  35  N
11  2  21  14  11  N
XX
IC  0.004 0.261 0.972 1.055 1.955 1.372 1.618 1.458 1.458 0.852 0.237
XX
XL
00  11
01  14
02  4
03  1
04  4
05  4
06  3
07  0
08  2
09  1
10  4
XX
//
