AC  K562.DDX24.6
XX
TY  Motif
XX
ID  K562.DDX24.6
XX
NA  K562.DDX24.6
XX
DE  N=39, Consensus=NNAAGCCAANN, Score=42.0981975798494
P0  A  C  G  T
01  12  15  4  8  N
02  7  15  6  11  N
03  37  2  0  0  A
04  29  2  4  4  A
05  3  4  30  2  G
06  0  34  4  1  C
07  0  39  0  0  C
08  31  4  2  2  A
09  34  0  2  3  A
10  12  6  12  9  N
11  5  11  13  10  N
XX
IC  0.085 0.039 1.653 0.733 0.812 1.299 1.945 0.905 1.268 0.000 0.018
XX
XL
00  2
01  4
02  3
03  8
04  1
05  0
06  3
07  2
08  6
09  7
10  3
XX
//
