AC  K562.HNRNPK.5
XX
TY  Motif
XX
ID  K562.HNRNPK.5
XX
NA  K562.HNRNPK.5
XX
DE  N=205, Consensus=NNTCCCATCNN, Score=111.195317345039
P0  A  C  G  T
01  31  66  20  88  N
02  21  44  40  100  N
03  0  13  2  190  T
04  0  190  2  13  C
05  3  199  0  3  C
06  0  203  0  2  C
07  135  17  8  45  A
08  10  24  22  149  T
09  3  177  10  15  C
10  28  102  7  68  N
11  23  101  34  47  N
XX
IC  0.200 0.211 1.570 1.570 1.769 1.910 0.632 0.734 1.229 0.402 0.215
XX
XL
00  17
01  70
02  23
03  2
04  0
05  3
06  34
07  14
08  11
09  12
10  19
XX
//
