AC  K562.DGCR8.6
XX
TY  Motif
XX
ID  K562.DGCR8.6
XX
NA  K562.DGCR8.6
XX
DE  N=45, Consensus=NNATTGCAANN, Score=48.5611743680174
P0  A  C  G  T
01  11  8  6  20  N
02  12  12  4  17  N
03  40  0  0  5  A
04  4  0  0  41  T
05  1  0  3  41  T
06  1  1  38  5  G
07  1  39  1  4  C
08  40  2  1  2  A
09  36  3  0  6  A
10  13  11  8  13  N
11  10  7  11  17  N
XX
IC  0.105 0.094 1.449 1.519 1.447 1.150 1.219 1.280 1.046 0.000 0.025
XX
XL
00  1
01  2
02  7
03  9
04  12
05  1
06  4
07  1
08  0
09  2
10  6
XX
//
