AC  K562.PTBP1.0
XX
TY  Motif
XX
ID  K562.PTBP1.0
XX
NA  K562.PTBP1.0
XX
DE  N=3945, Consensus=NNTCTTCTCNN,NNTCTTCTTNN, Score=523.130015248671
P0  A  C  G  T
01  215  944  111  2675  N
02  150  1131  111  2553  N
03  18  170  8  3749  T
04  49  2711  66  1119  C
05  27  166  0  3752  T
06  51  219  22  3653  T
07  52  2763  22  1108  C
08  32  291  0  3622  T
09  17  1366  34  2528  C
10  223  1095  149  2478  N
11  373  1360  343  1869  N
XX
IC  0.752 0.752 1.680 0.935 1.689 1.542 1.001 1.553 0.965 0.652 0.331
XX
XL
00  92
01  246
02  292
03  270
04  256
05  541
06  349
07  327
08  786
09  379
10  407
XX
//
