AC  K562.HNRNPM.3
XX
TY  Motif
XX
ID  K562.HNRNPM.3
XX
NA  K562.HNRNPM.3
XX
DE  N=784, Consensus=NNTGTGGTCNN, Score=193.099021822033
P0  A  C  G  T
01  115  92  208  369  N
02  94  156  186  348  N
03  7  4  18  755  T
04  3  30  690  61  G
05  23  2  29  730  T
06  9  0  730  45  G
07  21  19  707  37  G
08  30  78  69  607  T
09  43  535  142  64  C
10  175  173  161  275  N
11  102  148  342  192  N
XX
IC  0.209 0.154 1.720 1.338 1.554 1.591 1.385 0.891 0.650 0.034 0.141
XX
XL
00  95
01  163
02  69
03  84
04  130
05  10
06  55
07  40
08  37
09  58
10  43
XX
//
