AC  K562.SRSF7.7
XX
TY  Motif
XX
ID  K562.SRSF7.7
XX
NA  K562.SRSF7.7
XX
DE  N=168, Consensus=NNAAGATGANN, Score=98.6681492931568
P0  A  C  G  T
01  57  9  24  78  N
02  22  36  101  9  N
03  152  8  6  2  A
04  109  1  26  32  A
05  9  2  155  2  G
06  155  0  9  4  A
07  16  0  8  144  T
08  0  2  166  0  G
09  148  7  8  5  A
10  58  24  21  65  N
11  20  35  78  35  N
XX
IC  0.317 0.459 1.400 0.666 1.502 1.525 1.264 1.894 1.275 0.151 0.165
XX
XL
00  26
01  9
02  4
03  8
04  7
05  25
06  25
07  9
08  15
09  13
10  27
XX
//
