AC  K562.ZNF622.6
XX
TY  Motif
XX
ID  K562.ZNF622.6
XX
NA  K562.ZNF622.6
XX
DE  N=339, Consensus=NNTCAAGCANN, Score=128.169165802913
P0  A  C  G  T
01  50  130  43  116  N
02  92  58  45  144  N
03  15  15  10  299  T
04  16  289  25  9  C
05  289  35  4  11  A
06  322  0  6  11  A
07  25  29  270  15  G
08  27  275  26  11  C
09  314  5  7  13  A
10  86  60  125  68  N
11  72  89  110  68  N
XX
IC  0.149 0.136 1.286 1.173 1.223 1.660 0.952 1.013 1.506 0.054 0.021
XX
XL
00  81
01  22
02  103
03  66
04  5
05  3
06  2
07  11
08  5
09  26
10  15
XX
//
