AC  K562.SND1.3
XX
TY  Motif
XX
ID  K562.SND1.3
XX
NA  K562.SND1.3
XX
DE  N=101, Consensus=NNTTCGAACNN, Score=75.2761493534931
P0  A  C  G  T
01  25  21  7  48  N
02  19  34  7  41  N
03  0  3  0  98  T
04  2  1  0  98  T
05  5  65  8  23  C
06  12  6  73  10  G
07  94  2  3  2  A
08  85  7  8  1  A
09  4  95  0  2  C
10  31  23  17  30  N
11  18  33  28  22  N
XX
IC  0.232 0.202 1.786 1.758 0.579 0.703 1.507 1.147 1.599 0.017 0.016
XX
XL
00  9
01  7
02  38
03  28
04  4
05  1
06  1
07  0
08  0
09  9
10  4
XX
//
