AC  K562.IGF2BP2.3
XX
TY  Motif
XX
ID  K562.IGF2BP2.3
XX
NA  K562.IGF2BP2.3
XX
DE  N=354, Consensus=NNCCACCACNN, Score=126.787585024531
P0  A  C  G  T
01  58  111  50  135  N
02  60  123  59  112  N
03  6  310  8  30  C
04  7  331  1  15  C
05  301  20  10  23  A
06  8  268  67  11  C
07  7  327  0  20  C
08  287  23  11  33  A
09  8  323  10  13  C
10  56  108  38  152  N
11  68  71  91  124  N
XX
IC  0.112 0.074 1.301 1.574 1.159 0.956 1.542 1.017 1.429 0.181 0.038
XX
XL
00  48
01  35
02  24
03  21
04  12
05  7
06  25
07  11
08  68
09  60
10  43
XX
//
