AC  K562.PPIL4.9
XX
TY  Motif
XX
ID  K562.PPIL4.9
XX
NA  K562.PPIL4.9
XX
DE  N=47, Consensus=NNAACGAGCNN, Score=65.3940827953712
P0  A  C  G  T
01  9  7  10  21  N
02  1  8  10  28  N
03  46  0  0  1  A
04  43  1  3  0  A
05  1  14  28  4  C
06  3  3  40  1  G
07  47  0  0  0  A
08  0  0  46  1  G
09  0  46  1  0  C
10  8  14  4  21  N
11  15  13  16  3  N
XX
IC  0.094 0.481 1.805 1.465 0.568 1.131 1.954 1.805 1.805 0.177 0.133
XX
XL
00  8
01  1
02  1
03  0
04  30
05  0
06  0
07  0
08  0
09  5
10  2
XX
//
