AC  K562.XRN2.8
XX
TY  Motif
XX
ID  K562.XRN2.8
XX
NA  K562.XRN2.8
XX
DE  N=158, Consensus=NNTGGCCTGNN, Score=85.4786775557022
P0  A  C  G  T
01  30  37  47  44  N
02  10  53  56  39  N
03  4  5  10  139  T
04  0  0  144  14  G
05  5  8  140  5  G
06  4  125  19  10  C
07  4  142  8  4  C
08  11  11  8  128  T
09  0  15  138  5  G
10  17  49  62  30  N
11  21  52  51  34  N
XX
IC  0.007 0.177 1.280 1.554 1.298 0.965 1.361 0.987 1.336 0.132 0.068
XX
XL
00  14
01  22
02  45
03  8
04  5
05  0
06  5
07  28
08  9
09  13
10  9
XX
//
