AC  K562.METAP2.7
XX
TY  Motif
XX
ID  K562.METAP2.7
XX
NA  K562.METAP2.7
XX
DE  N=238, Consensus=NNCACCAAGNN, Score=129.860947870183
P0  A  C  G  T
01  55  35  100  48  N
02  17  22  19  180  N
03  8  208  14  8  C
04  227  6  0  5  A
05  28  176  4  30  C
06  0  238  0  0  C
07  202  17  14  5  A
08  194  6  22  16  A
09  7  13  211  7  G
10  52  47  89  50  N
11  65  53  63  57  N
XX
IC  0.104 0.805 1.252 1.675 0.830 1.991 1.161 1.037 1.309 0.046 0.000
XX
XL
00  10
01  166
02  12
03  0
04  1
05  1
06  0
07  3
08  4
09  16
10  25
XX
//
