AC  K562.FAM120A.5
XX
TY  Motif
XX
ID  K562.FAM120A.5
XX
NA  K562.FAM120A.5
XX
DE  N=66, Consensus=NNGTCCCTANN, Score=57.9847658062555
P0  A  C  G  T
01  12  24  7  23  N
02  17  9  9  31  N
03  2  0  50  14  G
04  0  3  1  62  T
05  0  59  4  3  C
06  0  61  0  5  C
07  3  60  0  3  C
08  2  2  1  61  T
09  44  8  8  6  A
10  18  12  17  19  N
11  9  16  21  20  N
XX
IC  0.116 0.167 1.036 1.588 1.375 1.580 1.437 1.465 0.525 0.000 0.032
XX
XL
00  15
01  9
02  6
03  3
04  0
05  0
06  1
07  15
08  2
09  6
10  9
XX
//
