AC  K562.DDX55.1
XX
TY  Motif
XX
ID  K562.DDX55.1
XX
NA  K562.DDX55.1
XX
DE  N=33, Consensus=NNTACGCTCNN, Score=45.1946870619188
P0  A  C  G  T
01  5  7  6  15  N
02  5  6  7  15  N
03  1  0  2  30  T
04  28  0  1  4  A
05  0  23  1  9  C
06  2  3  22  6  G
07  0  32  1  0  C
08  0  0  0  33  T
09  1  30  2  0  C
10  3  13  3  14  N
11  4  13  5  11  N
XX
IC  0.083 0.083 1.411 1.211 0.907 0.538 1.739 1.934 1.411 0.251 0.095
XX
XL
00  2
01  1
02  15
03  1
04  2
05  0
06  2
07  2
08  0
09  2
10  6
XX
//
