AC  K562.ILF3.0
XX
TY  Motif
XX
ID  K562.ILF3.0
XX
NA  K562.ILF3.0
XX
DE  N=253, Consensus=NNCATCCCTNN, Score=129.616436934247
P0  A  C  G  T
01  20  116  18  99  N
02  22  130  21  80  N
03  3  240  0  10  C
04  119  61  5  68  A
05  9  21  5  218  T
06  0  234  7  12  C
07  0  243  0  10  C
08  5  233  0  15  C
09  0  10  1  242  T
10  12  53  61  127  N
11  28  87  35  103  N
XX
IC  0.385 0.368 1.659 0.363 1.225 1.535 1.751 1.528 1.714 0.317 0.188
XX
XL
00  26
01  6
02  5
03  40
04  18
05  1
06  1
07  5
08  50
09  55
10  46
XX
//
