AC  K562.TAF15.0
XX
TY  Motif
XX
ID  K562.TAF15.0
XX
NA  K562.TAF15.0
XX
DE  N=33, Consensus=NNGCGTGTANN, Score=54.1025973553009
P0  A  C  G  T
01  6  2  20  5  N
02  6  2  6  19  N
03  1  0  31  1  G
04  4  12  1  16  C
05  0  2  31  0  G
06  1  0  0  32  T
07  0  1  32  0  G
08  0  0  1  32  T
09  29  0  4  0  A
10  4  2  13  14  N
11  3  2  25  3  N
XX
IC  0.392 0.336 1.544 0.375 1.605 1.739 1.739 1.739 1.402 0.266 0.757
XX
XL
00  1
01  4
02  1
03  4
04  0
05  2
06  0
07  0
08  1
09  10
10  10
XX
//
