AC  K562.ZRANB2.0
XX
TY  Motif
XX
ID  K562.ZRANB2.0
XX
NA  K562.ZRANB2.0
XX
DE  N=35, Consensus=NNGTAAGGTNN, Score=48.9426214215521
P0  A  C  G  T
01  11  0  19  5  N
02  4  1  19  11  N
03  1  0  33  1  G
04  3  0  3  29  T
05  25  2  8  0  A
06  33  0  0  2  A
07  0  0  33  2  G
08  0  1  34  0  G
09  3  0  6  26  T
10  10  4  17  4  N
11  1  11  12  11  N
XX
IC  0.534 0.431 1.565 1.106 0.869 1.622 1.622 1.751 0.880 0.200 0.213
XX
XL
00  5
01  5
02  1
03  6
04  0
05  3
06  7
07  2
08  0
09  3
10  3
XX
//
