AC  K562.NONO.2
XX
TY  Motif
XX
ID  K562.NONO.2
XX
NA  K562.NONO.2
XX
DE  N=1364, Consensus=NNCTGTGTGNN, Score=261.421953346048
P0  A  C  G  T
01  218  258  525  363  N
02  165  312  369  518  N
03  94  924  275  71  C
04  19  36  21  1288  T
05  10  72  1206  76  G
06  31  28  74  1231  T
07  24  45  1252  43  G
08  37  34  98  1195  T
09  20  45  1233  66  G
10  170  381  378  435  N
11  193  332  573  266  N
XX
IC  0.083 0.102 0.664 1.603 1.333 1.398 1.463 1.284 1.404 0.071 0.117
XX
XL
00  117
01  65
02  14
03  162
04  8
05  273
06  21
07  448
08  32
09  137
10  87
XX
//
