AC  K562.DDX6.2
XX
TY  Motif
XX
ID  K562.DDX6.2
XX
NA  K562.DDX6.2
XX
DE  N=77, Consensus=NNTGCATGCNN, Score=68.8405772469131
P0  A  C  G  T
01  11  9  10  47  N
02  8  10  38  21  N
03  0  0  0  77  T
04  0  0  75  2  G
05  8  64  1  4  C
06  55  6  7  9  A
07  1  0  5  71  T
08  0  5  72  0  G
09  4  53  8  12  C
10  23  11  22  21  N
11  16  12  27  22  N
XX
IC  0.392 0.236 1.972 1.798 1.108 0.662 1.526 1.625 0.622 0.023 0.036
XX
XL
00  26
01  3
02  10
03  0
04  2
05  1
06  24
07  1
08  2
09  1
10  7
XX
//
