AC  K562.PRPF8.4
XX
TY  Motif
XX
ID  K562.PRPF8.4
XX
NA  K562.PRPF8.4
XX
DE  N=1968, Consensus=NNGTGAGTANN, Score=394.020764768521
P0  A  C  G  T
01  757  425  419  367  N
02  254  145  1213  356  N
03  7  19  1920  22  G
04  9  0  0  1959  T
05  115  21  1826  6  G
06  1873  5  52  38  A
07  0  0  1968  0  G
08  63  136  138  1631  T
09  894  241  704  129  A
10  357  592  548  471  N
11  279  645  684  360  N
XX
IC  0.064 0.464 1.798 1.957 1.564 1.661 1.999 1.080 0.323 0.024 0.094
XX
XL
00  35
01  1193
02  534
03  40
04  12
05  29
06  12
07  36
08  8
09  48
10  21
XX
//
