AC  K562.SND1.8
XX
TY  Motif
XX
ID  K562.SND1.8
XX
NA  K562.SND1.8
XX
DE  N=60, Consensus=NNACTACGCNN, Score=59.5780103667271
P0  A  C  G  T
01  7  23  16  14  N
02  17  13  8  22  N
03  53  1  0  6  A
04  0  59  1  0  C
05  1  4  0  55  T
06  54  0  5  1  A
07  2  52  0  6  C
08  6  5  44  5  G
09  4  47  3  6  C
10  10  29  9  12  N
11  10  14  20  16  N
XX
IC  0.074 0.052 1.375 1.842 1.490 1.430 1.289 0.706 0.879 0.151 0.006
XX
XL
00  2
01  7
02  2
03  0
04  37
05  1
06  1
07  1
08  2
09  3
10  4
XX
//
