AC  K562.SAFB2.0
XX
TY  Motif
XX
ID  K562.SAFB2.0
XX
NA  K562.SAFB2.0
XX
DE  N=239, Consensus=NNAGGGCAANN, Score=129.026213333485
P0  A  C  G  T
01  32  19  163  25  N
02  52  14  152  21  N
03  222  1  9  7  A
04  12  0  221  6  G
05  9  0  226  4  G
06  10  10  213  6  G
07  37  138  54  10  C
08  219  15  3  2  A
09  205  0  29  5  A
10  42  32  139  26  N
11  68  23  118  30  N
XX
IC  0.595 0.549 1.532 1.536 1.638 1.326 0.440 1.488 1.315 0.359 0.271
XX
XL
00  106
01  9
02  7
03  9
04  21
05  31
06  3
07  1
08  2
09  24
10  26
XX
//
