AC  K562.TARDBP.0
XX
TY  Motif
XX
ID  K562.TARDBP.0
XX
NA  K562.TARDBP.0
XX
DE  N=5395, Consensus=NNTGAATGANN,NNTGAATGGNN, Score=600.253146813812
P0  A  C  G  T
01  1830  504  1198  1863  N
02  1947  710  1621  1117  N
03  289  61  122  4923  T
04  168  28  5172  27  G
05  4279  293  435  388  A
06  4406  285  403  301  A
07  37  20  51  5287  T
08  63  16  5279  37  G
09  2683  263  1699  750  A
10  2028  601  1479  1287  N
11  1025  670  1174  2526  N
XX
IC  0.139 0.092 1.456 1.708 0.940 1.025 1.828 1.820 0.365 0.111 0.179
XX
XL
00  166
01  37
02  384
03  1
04  2
05  0
06  3760
07  1
08  9
09  13
10  1022
XX
//
