AC  K562.DDX6.5
XX
TY  Motif
XX
ID  K562.DDX6.5
XX
NA  K562.DDX6.5
XX
DE  N=67, Consensus=NNGCTGTATNN, Score=59.25116220321
P0  A  C  G  T
01  15  16  11  25  N
02  19  2  16  30  N
03  8  2  54  3  G
04  4  58  2  3  C
05  0  0  0  67  T
06  2  0  58  7  G
07  3  4  1  59  T
08  50  3  6  8  A
09  4  0  3  60  T
10  13  7  16  31  N
11  14  8  13  32  N
XX
IC  0.032 0.288 0.999 1.193 1.968 1.296 1.272 0.774 1.382 0.160 0.161
XX
XL
00  2
01  8
02  0
03  3
04  6
05  1
06  1
07  6
08  16
09  14
10  10
XX
//
