AC  K562.PTBP1.6
XX
TY  Motif
XX
ID  K562.PTBP1.6
XX
NA  K562.PTBP1.6
XX
DE  N=2909, Consensus=NNTCCTTTCNN, Score=502.403378654282
P0  A  C  G  T
01  105  1198  58  1548  N
02  99  607  46  2157  N
03  14  77  23  2795  T
04  40  1790  45  1034  C
05  32  2381  3  493  C
06  14  60  0  2835  T
07  13  64  40  2792  T
08  6  241  5  2657  T
09  38  2530  56  285  C
10  190  834  58  1827  N
11  188  832  198  1691  N
XX
IC  0.702 0.947 1.713 0.860 1.247 1.810 1.701 1.548 1.304 0.691 0.509
XX
XL
00  149
01  203
02  69
03  91
04  191
05  303
06  899
07  226
08  173
09  151
10  454
XX
//
