AC  K562.SRSF1.2
XX
TY  Motif
XX
ID  K562.SRSF1.2
XX
NA  K562.SRSF1.2
XX
DE  N=1367, Consensus=NNTCTGGACNN,NNTCTGGAANN, Score=297.015103373861
P0  A  C  G  T
01  317  357  409  284  N
02  430  418  181  338  N
03  133  176  128  930  T
04  24  1235  46  62  C
05  20  11  0  1336  T
06  6  0  1341  20  G
07  0  8  1350  9  G
08  1161  59  124  23  A
09  409  679  192  87  C
10  278  530  345  214  N
11  372  278  353  364  N
XX
IC  0.012 0.066 0.593 1.397 1.821 1.848 1.889 1.189 0.325 0.081 0.007
XX
XL
00  23
01  26
02  91
03  12
04  1124
05  2
06  6
07  0
08  1
09  53
10  29
XX
//
