AC  K562.FXR1.5
XX
TY  Motif
XX
ID  K562.FXR1.5
XX
NA  K562.FXR1.5
XX
DE  N=91, Consensus=NNTTCGAACNN, Score=78.3183955374603
P0  A  C  G  T
01  27  9  10  45  N
02  19  17  7  48  N
03  0  0  0  91  T
04  2  0  0  89  T
05  6  47  7  31  C
06  14  5  63  9  G
07  90  0  0  1  A
08  84  4  2  1  A
09  5  84  0  2  C
10  23  23  12  33  N
11  13  27  30  21  N
XX
IC  0.274 0.281 1.976 1.824 0.411 0.633 1.889 1.479 1.519 0.057 0.039
XX
XL
00  7
01  17
02  27
03  31
04  5
05  0
06  0
07  0
08  0
09  2
10  2
XX
//
