AC  K562.METAP2.6
XX
TY  Motif
XX
ID  K562.METAP2.6
XX
NA  K562.METAP2.6
XX
DE  N=406, Consensus=NNCATCACCNN, Score=154.83810033222
P0  A  C  G  T
01  109  100  120  77  N
02  89  82  59  176  N
03  6  372  16  12  C
04  305  16  36  49  A
05  7  13  0  386  T
06  0  390  11  5  C
07  375  5  14  12  A
08  39  271  27  69  C
09  7  378  9  12  C
10  133  92  84  97  N
11  116  84  119  87  N
XX
IC  0.013 0.121 1.455 0.823 1.665 1.720 1.493 0.586 1.526 0.018 0.013
XX
XL
00  13
01  104
02  5
03  7
04  237
05  6
06  3
07  7
08  5
09  6
10  13
XX
//
