AC  K562.LIN28B.5
XX
TY  Motif
XX
ID  K562.LIN28B.5
XX
NA  K562.LIN28B.5
XX
DE  N=1101, Consensus=NNGAGTGATNN, Score=254.238555873975
P0  A  C  G  T
01  280  239  296  286  N
02  291  136  334  340  N
03  99  136  805  61  G
04  894  37  47  123  A
05  161  3  869  68  G
06  80  8  45  968  T
07  16  11  1048  26  G
08  1058  8  20  15  A
09  17  10  26  1048  T
10  343  123  284  351  N
11  228  253  273  347  N
XX
IC  0.003 0.072 0.751 1.042 1.052 1.320 1.648 1.702 1.648 0.091 0.016
XX
XL
00  38
01  54
02  18
03  5
04  71
05  25
06  19
07  10
08  776
09  34
10  51
XX
//
