AC  K562.HNRNPM.0
XX
TY  Motif
XX
ID  K562.HNRNPM.0
XX
NA  K562.HNRNPM.0
XX
DE  N=1250, Consensus=NNTTGTGGCNN, Score=248.416843729469
P0  A  C  G  T
01  188  177  333  552  N
02  165  161  292  632  N
03  35  53  73  1089  T
04  10  7  72  1161  T
05  27  71  1007  145  G
06  64  14  64  1108  T
07  29  0  1178  43  G
08  29  37  1139  45  G
09  74  922  125  129  C
10  274  361  244  371  N
11  187  253  534  276  N
XX
IC  0.159 0.244 1.248 1.564 1.032 1.332 1.624 1.427 0.763 0.021 0.116
XX
XL
00  131
01  217
02  306
03  125
04  265
05  88
06  16
07  11
08  12
09  40
10  39
XX
//
