AC  K562.UCHL5.3
XX
TY  Motif
XX
ID  K562.UCHL5.3
XX
NA  K562.UCHL5.3
XX
DE  N=1305, Consensus=NNTGGAAGANN,NNTGGATGANN, Score=221.509084788177
P0  A  C  G  T
01  288  224  305  488  N
02  251  306  283  465  N
03  110  15  51  1129  T
04  46  14  1069  176  G
05  92  18  1157  38  G
06  1191  42  50  22  A
07  632  27  105  541  A
08  96  57  1106  46  G
09  1130  52  76  47  A
10  373  213  394  325  N
11  286  276  453  290  N
XX
IC  0.060 0.042 1.260 1.132 1.341 1.439 0.557 1.152 1.222 0.034 0.032
XX
XL
00  157
01  182
02  427
03  52
04  53
05  20
06  161
07  20
08  20
09  91
10  122
XX
//
