AC  K562.DDX3X.7
XX
TY  Motif
XX
ID  K562.DDX3X.7
XX
NA  K562.DDX3X.7
XX
DE  N=283, Consensus=NNTGGCGGCNN, Score=118.127444356062
P0  A  C  G  T
01  31  63  99  90  N
02  75  49  68  91  N
03  7  15  23  238  T
04  4  6  258  15  G
05  3  14  266  0  G
06  25  226  14  18  C
07  14  24  227  18  G
08  8  9  257  9  G
09  12  258  6  7  C
10  29  82  96  76  N
11  36  77  120  50  N
XX
IC  0.105 0.026 1.131 1.441 1.624 0.957 0.968 1.404 1.427 0.099 0.136
XX
XL
00  33
01  53
02  109
03  11
04  7
05  10
06  5
07  6
08  6
09  21
10  22
XX
//
