AC  K562.LSM11.6
XX
TY  Motif
XX
ID  K562.LSM11.6
XX
NA  K562.LSM11.6
XX
DE  N=125, Consensus=NNTAACACTNN, Score=83.6512688520709
P0  A  C  G  T
01  7  18  25  75  N
02  18  18  18  71  N
03  1  3  3  118  T
04  103  5  5  12  A
05  113  2  5  5  A
06  17  99  0  9  C
07  118  1  0  6  A
08  7  105  4  9  C
09  12  2  0  111  T
10  18  20  37  50  N
11  36  17  30  42  N
XX
IC  0.441 0.311 1.590 1.056 1.384 1.051 1.638 1.106 1.411 0.108 0.051
XX
XL
00  23
01  20
02  16
03  10
04  1
05  1
06  3
07  2
08  11
09  23
10  15
XX
//
