AC  K562.DGCR8.4
XX
TY  Motif
XX
ID  K562.DGCR8.4
XX
NA  K562.DGCR8.4
XX
DE  N=35, Consensus=NNACAATGTNN, Score=43.3833376616663
P0  A  C  G  T
01  7  6  10  12  N
02  11  7  8  9  N
03  28  1  4  2  A
04  7  26  1  1  C
05  34  1  0  0  A
06  31  0  1  3  A
07  0  0  2  33  T
08  1  0  32  2  G
09  2  2  2  29  T
10  6  5  10  14  N
11  10  7  8  10  N
XX
IC  0.000 0.000 0.940 0.862 1.751 1.333 1.622 1.437 1.006 0.056 0.000
XX
XL
00  2
01  1
02  0
03  0
04  1
05  1
06  15
07  1
08  7
09  4
10  3
XX
//
