AC  K562.IGF2BP1.1
XX
TY  Motif
XX
ID  K562.IGF2BP1.1
XX
NA  K562.IGF2BP1.1
XX
DE  N=98, Consensus=NNCATACAGNN, Score=66.123909529558
P0  A  C  G  T
01  16  17  12  53  N
02  21  20  13  44  N
03  5  82  3  8  C
04  77  7  0  14  A
05  6  3  4  85  T
06  83  5  3  7  A
07  4  88  2  4  C
08  93  0  0  5  A
09  3  6  83  6  G
10  29  24  20  25  N
11  30  19  16  33  N
XX
IC  0.262 0.128 1.095 1.032 1.211 1.130 1.347 1.687 1.128 0.000 0.041
XX
XL
00  13
01  11
02  9
03  7
04  25
05  4
06  2
07  5
08  2
09  6
10  14
XX
//
