AC  K562.TNRC6A.1
XX
TY  Motif
XX
ID  K562.TNRC6A.1
XX
NA  K562.TNRC6A.1
XX
DE  N=418, Consensus=NNACACACTNN, Score=180.658042330413
P0  A  C  G  T
01  254  51  51  62  N
02  17  285  19  97  N
03  403  0  11  4  A
04  0  408  3  7  C
05  414  0  0  4  A
06  0  408  4  6  C
07  395  10  4  9  A
08  13  355  14  36  C
09  184  47  18  169  T
10  48  176  31  163  N
11  178  89  71  80  N
XX
IC  0.409 0.738 1.742 1.811 1.917 1.809 1.605 1.170 0.396 0.303 0.104
XX
XL
00  10
01  55
02  2
03  26
04  2
05  20
06  4
07  50
08  53
09  140
10  56
XX
//
