AC  K562.BUD13.8
XX
TY  Motif
XX
ID  K562.BUD13.8
XX
NA  K562.BUD13.8
XX
DE  N=210, Consensus=NNATTCGAGNN, Score=101.559145776498
P0  A  C  G  T
01  52  30  43  85  N
02  39  44  43  84  N
03  161  20  5  24  A
04  0  0  0  210  T
05  4  6  0  200  T
06  7  147  22  34  C
07  18  16  145  31  G
08  204  0  6  0  A
09  6  1  203  0  G
10  67  32  80  31  N
11  65  29  57  59  N
XX
IC  0.093 0.069 0.887 1.990 1.667 0.700 0.627 1.803 1.759 0.112 0.046
XX
XL
00  31
01  34
02  10
03  20
04  42
05  18
06  5
07  8
08  18
09  14
10  10
XX
//
