AC  K562.CPSF6.1
XX
TY  Motif
XX
ID  K562.CPSF6.1
XX
NA  K562.CPSF6.1
XX
DE  N=70, Consensus=NNAAGAAAGNN, Score=58.8276114036399
P0  A  C  G  T
01  20  9  20  21  N
02  11  8  35  16  N
03  65  0  3  2  A
04  63  2  3  2  A
05  4  2  63  1  G
06  60  2  7  1  A
07  67  2  1  0  A
08  57  1  10  2  A
09  10  2  53  5  G
10  17  13  21  19  N
11  16  9  24  21  N
XX
IC  0.035 0.205 1.528 1.344 1.362 1.212 1.674 1.093 0.846 0.000 0.051
XX
XL
00  12
01  14
02  3
03  3
04  1
05  5
06  0
07  2
08  10
09  9
10  11
XX
//
