AC  K562.SAFB2.1
XX
TY  Motif
XX
ID  K562.SAFB2.1
XX
NA  K562.SAFB2.1
XX
DE  N=1262, Consensus=NNTAAGGAGNN, Score=332.048961557539
P0  A  C  G  T
01  374  133  360  395  N
02  298  222  287  455  N
03  22  74  56  1110  T
04  1224  9  12  17  A
05  699  0  537  26  A
06  43  0  1195  24  G
07  39  13  1198  12  G
08  1257  0  0  5  A
09  24  0  1238  0  G
10  389  203  486  184  N
11  368  242  420  232  N
XX
IC  0.095 0.049 1.294 1.757 0.886 1.649 1.640 1.961 1.862 0.116 0.045
XX
XL
00  89
01  23
02  93
03  4
04  7
05  974
06  16
07  2
08  4
09  35
10  15
XX
//
