AC  K562.TRA2A.0
XX
TY  Motif
XX
ID  K562.TRA2A.0
XX
NA  K562.TRA2A.0
XX
DE  N=366, Consensus=NNGAAGAAANN,NNCAAGAAANN, Score=122.120955288201
P0  A  C  G  T
01  176  41  64  85  N
02  145  37  81  103  N
03  17  107  232  10  G
04  338  9  10  9  A
05  346  0  13  7  A
06  14  9  338  5  G
07  314  18  25  9  A
08  323  9  23  11  A
09  227  23  85  31  A
10  114  46  125  81  N
11  112  48  110  96  N
XX
IC  0.203 0.134 0.711 1.483 1.637 1.492 1.195 1.301 0.525 0.083 0.059
XX
XL
00  33
01  52
02  64
03  15
04  5
05  10
06  28
07  16
08  19
09  62
10  62
XX
//
