AC  K562.MTPAP.0
XX
TY  Motif
XX
ID  K562.MTPAP.0
XX
NA  K562.MTPAP.0
XX
DE  N=60, Consensus=NNACCAAAGNN, Score=52.1066646956521
P0  A  C  G  T
01  10  11  18  21  N
02  20  13  10  17  N
03  51  1  3  5  A
04  0  52  3  5  C
05  1  55  3  1  C
06  55  3  0  2  A
07  59  0  0  1  A
08  47  0  10  3  A
09  5  4  45  6  G
10  10  18  16  16  N
11  13  15  15  17  N
XX
IC  0.033 0.011 1.151 1.270 1.436 1.469 1.842 1.041 0.761 0.000 0.000
XX
XL
00  10
01  12
02  2
03  0
04  4
05  3
06  3
07  7
08  5
09  6
10  8
XX
//
