AC  K562.SND1.7
XX
TY  Motif
XX
ID  K562.SND1.7
XX
NA  K562.SND1.7
XX
DE  N=72, Consensus=NNGTTCACGNN, Score=59.5668966256156
P0  A  C  G  T
01  14  20  15  23  N
02  17  4  20  31  N
03  0  9  55  8  G
04  0  0  5  67  T
05  1  5  0  66  T
06  0  71  1  0  C
07  66  2  0  4  A
08  5  58  4  5  C
09  8  7  52  5  G
10  13  15  24  20  N
11  12  21  13  26  N
XX
IC  0.000 0.210 0.946 1.606 1.502 1.864 1.480 0.953 0.685 0.011 0.044
XX
XL
00  7
01  10
02  9
03  18
04  7
05  3
06  1
07  2
08  1
09  1
10  13
XX
//
