AC  K562.ZNF622.4
XX
TY  Motif
XX
ID  K562.ZNF622.4
XX
NA  K562.ZNF622.4
XX
DE  N=78, Consensus=NNGCCGAAANN, Score=62.4749399395414
P0  A  C  G  T
01  23  10  16  29  N
02  14  10  31  23  N
03  1  0  74  3  G
04  3  71  1  3  C
05  11  47  6  14  C
06  8  6  62  2  G
07  72  2  2  2  A
08  68  2  8  0  A
09  75  0  3  0  A
10  14  9  24  31  N
11  10  15  33  20  N
XX
IC  0.073 0.099 1.639 1.407 0.404 0.952 1.459 1.327 1.737 0.116 0.106
XX
XL
00  14
01  13
02  5
03  9
04  6
05  1
06  0
07  0
08  2
09  13
10  15
XX
//
