AC  K562.SRSF1.6
XX
TY  Motif
XX
ID  K562.SRSF1.6
XX
NA  K562.SRSF1.6
XX
DE  N=375, Consensus=NNTTGGATCNN, Score=145.667823678785
P0  A  C  G  T
01  91  117  51  116  N
02  46  142  51  136  N
03  14  73  15  273  T
04  12  3  14  346  T
05  0  2  369  4  G
06  0  5  370  0  G
07  356  8  6  5  A
08  27  25  50  273  T
09  13  296  41  25  C
10  76  98  58  143  N
11  85  65  153  72  N
XX
IC  0.059 0.170 0.838 1.495 1.861 1.892 1.626 0.739 0.947 0.075 0.086
XX
XL
00  23
01  55
02  117
03  92
04  1
05  4
06  0
07  3
08  5
09  68
10  7
XX
//
