AC  K562.TRA2A.2
XX
TY  Motif
XX
ID  K562.TRA2A.2
XX
NA  K562.TRA2A.2
XX
DE  N=215, Consensus=NNTGGAAGANN, Score=104.419346220159
P0  A  C  G  T
01  56  27  54  78  N
02  59  38  58  60  N
03  38  2  9  166  T
04  21  3  165  26  G
05  7  5  203  0  G
06  205  0  6  4  A
07  185  2  16  12  A
08  3  5  202  5  G
09  190  7  14  4  A
10  56  26  88  45  N
11  45  34  105  31  N
XX
IC  0.077 0.012 1.005 0.915 1.625 1.673 1.229 1.567 1.308 0.116 0.189
XX
XL
00  43
01  26
02  56
03  11
04  17
05  6
06  4
07  6
08  5
09  18
10  23
XX
//
