AC  K562.FMR1.0
XX
TY  Motif
XX
ID  K562.FMR1.0
XX
NA  K562.FMR1.0
XX
DE  N=66, Consensus=NNGGCGTATNN, Score=59.8397254007578
P0  A  C  G  T
01  18  17  20  11  N
02  16  11  11  28  N
03  3  0  60  3  G
04  1  1  63  1  G
05  11  47  4  4  C
06  3  3  56  4  G
07  0  2  3  61  T
08  48  7  5  6  A
09  0  1  0  65  T
10  7  9  34  16  N
11  18  18  11  19  N
XX
IC  0.000 0.085 1.437 1.628 0.697 1.116 1.507 0.693 1.854 0.243 0.000
XX
XL
00  2
01  4
02  0
03  2
04  0
05  1
06  24
07  1
08  18
09  9
10  5
XX
//
