AC  K562.TBRG4.3
XX
TY  Motif
XX
ID  K562.TBRG4.3
XX
NA  K562.TBRG4.3
XX
DE  N=93, Consensus=NNCTTTTCGNN, Score=75.4254877452093
P0  A  C  G  T
01  22  13  10  48  N
02  14  21  13  45  N
03  3  81  0  9  C
04  0  0  0  93  T
05  0  0  0  93  T
06  0  0  0  93  T
07  0  2  2  89  T
08  8  48  9  28  C
09  6  12  63  12  G
10  27  22  18  26  N
11  17  25  20  31  N
XX
IC  0.250 0.177 1.317 1.977 1.977 1.977 1.678 0.332 0.579 0.000 0.014
XX
XL
00  4
01  4
02  2
03  10
04  21
05  34
06  8
07  3
08  1
09  1
10  5
XX
//
