AC  K562.TROVE2.1
XX
TY  Motif
XX
ID  K562.TROVE2.1
XX
NA  K562.TROVE2.1
XX
DE  N=66, Consensus=NNGTTGCTCNN, Score=60.9805910101216
P0  A  C  G  T
01  15  14  14  23  N
02  8  4  13  41  N
03  0  8  40  18  G
04  1  2  0  63  T
05  0  2  2  62  T
06  2  4  54  6  G
07  4  61  1  0  C
08  0  3  0  63  T
09  2  56  8  0  C
10  11  14  8  33  N
11  12  16  20  18  N
XX
IC  0.002 0.465 0.649 1.659 1.577 1.018 1.525 1.700 1.244 0.193 0.000
XX
XL
00  2
01  3
02  19
03  11
04  10
05  4
06  2
07  1
08  5
09  5
10  4
XX
//
