AC  K562.U2AF2.4
XX
TY  Motif
XX
ID  K562.U2AF2.4
XX
NA  K562.U2AF2.4
XX
DE  N=1448, Consensus=NNTCCACAGNN,NNTTCACAGNN, Score=294.915058465124
P0  A  C  G  T
01  203  248  94  903  N
02  159  242  57  990  N
03  3  28  0  1417  T
04  9  264  7  1168  C
05  127  872  66  383  C
06  1148  151  5  144  A
07  43  1244  80  81  C
08  1383  5  0  60  A
09  14  47  1319  68  G
10  267  334  534  313  N
11  280  380  321  467  N
XX
IC  0.484 0.658 1.839 1.218 0.539 1.033 1.196 1.717 1.443 0.052 0.025
XX
XL
00  324
01  481
02  353
03  39
04  38
05  5
06  21
07  9
08  29
09  82
10  67
XX
//
