AC  K562.ILF3.7
XX
TY  Motif
XX
ID  K562.ILF3.7
XX
NA  K562.ILF3.7
XX
DE  N=642, Consensus=NNCCCTTCTNN, Score=196.953596456822
P0  A  C  G  T
01  66  212  62  302  N
02  49  229  57  307  N
03  2  573  10  57  C
04  7  586  3  46  C
05  11  533  0  98  C
06  15  27  4  596  T
07  0  47  21  574  T
08  12  509  24  97  C
09  12  97  5  528  T
10  45  214  85  298  N
11  77  212  56  297  N
XX
IC  0.294 0.364 1.421 1.497 1.259 1.533 1.415 1.035 1.191 0.299 0.280
XX
XL
00  48
01  5
02  2
03  5
04  10
05  152
06  94
07  40
08  102
09  114
10  70
XX
//
