AC  K562.BUD13.4
XX
TY  Motif
XX
ID  K562.BUD13.4
XX
NA  K562.BUD13.4
XX
DE  N=961, Consensus=NNCAAGAAANN,NNGAAGAAANN, Score=191.563618525111
P0  A  C  G  T
01  343  122  196  300  N
02  263  99  256  343  N
03  33  290  588  50  C
04  838  38  58  27  A
05  863  0  56  42  A
06  48  28  860  25  G
07  814  27  48  72  A
08  866  26  34  35  A
09  737  33  113  78  A
10  219  107  341  294  N
11  210  112  272  367  N
XX
IC  0.097 0.109 0.654 1.252 1.422 1.353 1.154 1.377 0.880 0.106 0.111
XX
XL
00  118
01  125
02  113
03  20
04  76
05  23
06  36
07  13
08  62
09  163
10  212
XX
//
