AC  K562.METAP2.4
XX
TY  Motif
XX
ID  K562.METAP2.4
XX
NA  K562.METAP2.4
XX
DE  N=472, Consensus=NNCGTCATCNN, Score=179.475251991445
P0  A  C  G  T
01  132  129  112  99  N
02  155  124  88  105  N
03  39  339  36  58  C
04  69  22  305  76  G
05  8  7  6  451  T
06  0  453  15  4  C
07  465  2  0  5  A
08  30  36  8  398  T
09  2  463  4  3  C
10  151  111  103  107  N
11  145  100  110  117  N
XX
IC  0.005 0.027 0.700 0.552 1.663 1.722 1.871 1.152 1.830 0.014 0.009
XX
XL
00  4
01  13
02  2
03  0
04  386
05  2
06  3
07  30
08  1
09  9
10  22
XX
//
