AC  K562.LARP4.2
XX
TY  Motif
XX
ID  K562.LARP4.2
XX
NA  K562.LARP4.2
XX
DE  N=24, Consensus=NNTAAACCGNN, Score=39.3219196614434
P0  A  C  G  T
01  10  2  2  10  N
02  5  4  4  11  N
03  1  0  2  21  T
04  21  0  0  3  A
05  24  0  0  0  A
06  21  1  2  0  A
07  1  23  0  0  C
08  3  17  1  3  C
09  4  0  17  3  G
10  5  2  10  7  N
11  5  5  10  4  N
XX
IC  0.260 0.061 1.251 1.366 1.910 1.251 1.660 0.616 0.752 0.095 0.010
XX
XL
00  6
01  6
02  9
03  0
04  0
05  0
06  1
07  0
08  1
09  1
10  0
XX
//
