AC  K562.ILF3.3
XX
TY  Motif
XX
ID  K562.ILF3.3
XX
NA  K562.ILF3.3
XX
DE  N=230, Consensus=NNCCTACCCNN, Score=143.530954267542
P0  A  C  G  T
01  16  122  17  75  N
02  8  130  4  88  N
03  0  223  0  7  C
04  2  221  0  7  C
05  3  17  0  210  T
06  52  58  16  104  A
07  0  225  0  5  C
08  2  228  0  0  C
09  0  228  0  2  C
10  22  89  11  108  N
11  16  65  41  108  N
XX
IC  0.433 0.725 1.794 1.722 1.511 0.219 1.839 1.919 1.919 0.415 0.252
XX
XL
00  27
01  11
02  2
03  13
04  72
05  8
06  1
07  1
08  5
09  36
10  54
XX
//
