AC  K562.FMR1.6
XX
TY  Motif
XX
ID  K562.FMR1.6
XX
NA  K562.FMR1.6
XX
DE  N=81, Consensus=NNCCGGCATNN, Score=61.1834081448507
P0  A  C  G  T
01  5  25  30  21  N
02  20  22  20  19  N
03  2  74  3  2  C
04  5  65  2  9  C
05  9  0  66  6  G
06  7  7  67  0  G
07  2  75  3  1  C
08  73  4  3  1  A
09  1  5  6  69  T
10  10  18  29  24  N
11  16  20  26  19  N
XX
IC  0.166 0.000 1.414 0.986 1.102 1.136 1.484 1.369 1.172 0.068 0.000
XX
XL
00  6
01  7
02  2
03  1
04  0
05  1
06  10
07  3
08  21
09  18
10  12
XX
//
