AC  K562.HLTF.1
XX
TY  Motif
XX
ID  K562.HLTF.1
XX
NA  K562.HLTF.1
XX
DE  N=398, Consensus=NNAAGAACANN, Score=142.154737249418
P0  A  C  G  T
01  152  27  76  143  N
02  119  52  149  78  N
03  372  3  12  11  A
04  367  0  5  26  A
05  36  15  339  8  G
06  382  0  12  4  A
07  369  15  8  6  A
08  76  233  73  16  C
09  349  7  9  33  A
10  132  41  72  153  N
11  88  71  144  95  N
XX
IC  0.214 0.099 1.555 1.550 1.192 1.719 1.511 0.451 1.304 0.152 0.046
XX
XL
00  70
01  41
02  12
03  41
04  10
05  5
06  7
07  29
08  24
09  82
10  77
XX
//
