AC  K562.METAP2.5
XX
TY  Motif
XX
ID  K562.METAP2.5
XX
NA  K562.METAP2.5
XX
DE  N=463, Consensus=NNTCATCATNN, Score=164.75544809751
P0  A  C  G  T
01  60  167  115  121  N
02  104  66  157  136  N
03  22  22  15  404  T
04  3  426  19  15  C
05  422  8  13  20  A
06  17  26  6  414  T
07  0  449  7  7  C
08  376  29  28  30  A
09  55  38  45  325  T
10  36  225  140  62  N
11  114  118  150  81  N
XX
IC  0.078 0.063 1.246 1.488 1.432 1.361 1.770 1.001 0.649 0.293 0.028
XX
XL
00  6
01  8
02  268
03  6
04  1
05  112
06  4
07  7
08  34
09  6
10  11
XX
//
