AC  K562.LSM11.4
XX
TY  Motif
XX
ID  K562.LSM11.4
XX
NA  K562.LSM11.4
XX
DE  N=114, Consensus=NNGAGCTGTNN, Score=75.2597594610439
P0  A  C  G  T
01  24  16  45  29  N
02  25  10  43  36  N
03  10  5  95  4  G
04  95  4  8  7  A
05  3  6  104  1  G
06  3  107  2  2  C
07  3  3  0  108  T
08  0  4  97  13  G
09  8  5  9  92  T
10  29  17  35  33  N
11  24  22  29  39  N
XX
IC  0.078 0.137 1.086 1.076 1.439 1.552 1.631 1.256 0.975 0.028 0.018
XX
XL
00  11
01  38
02  0
03  2
04  1
05  1
06  11
07  8
08  14
09  11
10  17
XX
//
