AC  K562.KHDRBS1.0
XX
TY  Motif
XX
ID  K562.KHDRBS1.0
XX
NA  K562.KHDRBS1.0
XX
DE  N=16131, Consensus=NNTAATAAGNN,NNTAAAAAGNN, Score=1000.12241770015
P0  A  C  G  T
01  5184  1104  1287  8556  N
02  4279  807  738  10307  N
03  893  80  0  15158  T
04  14529  109  185  1308  A
05  15884  0  43  204  A
06  10997  210  87  4837  T
07  14943  334  50  804  A
08  14914  41  277  899  A
09  2790  871  9902  2568  G
10  5177  2055  2818  6081  N
11  5868  2102  3963  4198  N
XX
IC  0.433 0.659 1.646 1.447 1.875 0.980 1.540 1.540 0.480 0.125 0.083
XX
XL
00  3066
01  4011
02  1701
03  896
04  462
05  394
06  284
07  325
08  461
09  3406
10  1125
XX
//
