AC  K562.GNL3.4
XX
TY  Motif
XX
ID  K562.GNL3.4
XX
NA  K562.GNL3.4
XX
DE  N=26, Consensus=NNACACTTGNN, Score=40.1267580743158
P0  A  C  G  T
01  6  9  3  8  N
02  8  8  3  7  N
03  25  0  1  0  A
04  10  14  1  1  C
05  24  1  0  1  A
06  0  21  0  5  C
07  0  2  1  23  T
08  0  0  0  26  T
09  1  0  24  1  G
10  8  2  2  14  N
11  11  4  7  4  N
XX
IC  0.016 0.001 1.682 0.544 1.449 1.210 1.295 1.917 1.449 0.343 0.051
XX
XL
00  7
01  2
02  3
03  1
04  1
05  3
06  1
07  5
08  1
09  0
10  2
XX
//
