AC  K562.SRSF7.5
XX
TY  Motif
XX
ID  K562.SRSF7.5
XX
NA  K562.SRSF7.5
XX
DE  N=109, Consensus=NNGAAGAAANN, Score=72.0397562134369
P0  A  C  G  T
01  49  10  17  33  N
02  32  15  22  40  N
03  7  3  96  3  G
04  102  2  5  0  A
05  99  2  5  3  A
06  3  1  103  2  G
07  99  3  5  2  A
08  94  4  5  6  A
09  73  8  19  9  A
10  34  12  32  31  N
11  23  21  31  34  N
XX
IC  0.205 0.071 1.279 1.581 1.402 1.592 1.402 1.187 0.580 0.070 0.009
XX
XL
00  14
01  21
02  17
03  3
04  3
05  5
06  3
07  4
08  5
09  15
10  19
XX
//
