AC  K562.MTPAP.8
XX
TY  Motif
XX
ID  K562.MTPAP.8
XX
NA  K562.MTPAP.8
XX
DE  N=98, Consensus=NNCCAAGAANN, Score=66.2174673384357
P0  A  C  G  T
01  20  22  27  29  N
02  26  22  27  23  N
03  10  70  6  12  C
04  2  92  0  4  C
05  89  4  2  3  A
06  86  0  11  1  A
07  4  2  89  3  G
08  82  6  7  3  A
09  86  0  3  9  A
10  19  15  48  16  N
11  19  21  34  24  N
XX
IC  0.000 0.000 0.677 1.589 1.395 1.391 1.395 1.090 1.342 0.173 0.016
XX
XL
00  17
01  6
02  5
03  12
04  5
05  1
06  16
07  2
08  6
09  7
10  21
XX
//
