AC  K562.NPM1.7
XX
TY  Motif
XX
ID  K562.NPM1.7
XX
NA  K562.NPM1.7
XX
DE  N=30, Consensus=NNTTGCACANN, Score=39.3025259061519
P0  A  C  G  T
01  9  6  4  11  N
02  2  8  3  17  N
03  3  1  2  24  T
04  0  0  1  29  T
05  0  1  24  5  G
06  1  28  1  0  C
07  25  2  1  2  A
08  1  25  3  1  C
09  26  1  0  3  A
10  9  3  11  7  N
11  9  6  8  7  N
XX
IC  0.024 0.362 0.914 1.717 1.076 1.508 1.024 1.049 1.253 0.054 0.000
XX
XL
00  1
01  7
02  1
03  8
04  2
05  2
06  0
07  4
08  2
09  0
10  3
XX
//
