AC  K562.IGF2BP1.2
XX
TY  Motif
XX
ID  K562.IGF2BP1.2
XX
NA  K562.IGF2BP1.2
XX
DE  N=298, Consensus=NNCAATTCANN,NNCAATACANN, Score=106.324705335059
P0  A  C  G  T
01  85  47  23  143  N
02  86  56  36  120  N
03  30  229  11  28  C
04  257  16  0  25  A
05  227  13  7  51  A
06  14  16  4  264  T
07  106  1  0  191  T
08  13  263  3  19  C
09  267  5  0  26  A
10  74  56  64  104  N
11  90  59  47  102  N
XX
IC  0.263 0.125 0.871 1.282 0.934 1.321 1.023 1.317 1.445 0.034 0.059
XX
XL
00  41
01  9
02  12
03  27
04  33
05  48
06  23
07  19
08  27
09  22
10  37
XX
//
