AC  K562.LIN28B.1
XX
TY  Motif
XX
ID  K562.LIN28B.1
XX
NA  K562.LIN28B.1
XX
DE  N=2946, Consensus=NNGATGATANN,NNTATGATANN, Score=388.647619443863
P0  A  C  G  T
01  961  442  794  749  N
02  975  458  629  884  N
03  205  124  1207  1410  G
04  2639  15  194  98  A
05  143  18  53  2732  T
06  85  43  2625  193  G
07  2816  34  41  55  A
08  76  63  131  2676  T
09  1971  110  448  417  A
10  827  658  576  885  N
11  763  715  610  858  N
XX
IC  0.049 0.057 0.503 1.396 1.537 1.357 1.670 1.419 0.622 0.020 0.010
XX
XL
00  51
01  58
02  150
03  18
04  355
05  34
06  26
07  2004
08  29
09  102
10  119
XX
//
