AC  K562.HNRNPM.7
XX
TY  Motif
XX
ID  K562.HNRNPM.7
XX
NA  K562.HNRNPM.7
XX
DE  N=805, Consensus=NNGCTTGTGNN, Score=192.621634790212
P0  A  C  G  T
01  145  127  215  318  N
02  145  52  188  420  N
03  24  22  704  55  G
04  52  591  51  111  C
05  39  67  30  669  T
06  4  8  40  753  T
07  8  37  667  93  G
08  14  3  36  752  T
09  0  15  736  54  G
10  135  132  311  227  N
11  119  159  315  212  N
XX
IC  0.094 0.317 1.271 0.768 1.088 1.588 1.142 1.573 1.511 0.093 0.091
XX
XL
00  73
01  59
02  20
03  17
04  159
05  114
06  106
07  94
08  39
09  59
10  65
XX
//
