AC  K562.HNRNPU.0
XX
TY  Motif
XX
ID  K562.HNRNPU.0
XX
NA  K562.HNRNPU.0
XX
DE  N=3135, Consensus=NNTAAGGAGNN, Score=531.419605393486
P0  A  C  G  T
01  767  404  1009  955  N
02  652  618  816  1049  N
03  57  346  170  2562  T
04  3035  19  54  27  A
05  1946  0  1164  25  A
06  56  0  3043  36  G
07  105  25  2963  42  G
08  3115  0  9  11  A
09  44  0  3091  0  G
10  976  539  1198  422  N
11  832  710  946  647  N
XX
IC  0.073 0.032 1.077 1.749 0.986 1.780 1.619 1.937 1.893 0.119 0.015
XX
XL
00  157
01  52
02  105
03  6
04  7
05  2639
06  44
07  6
08  11
09  76
10  32
XX
//
