AC  K562.GTF2F1.5
XX
TY  Motif
XX
ID  K562.GTF2F1.5
XX
NA  K562.GTF2F1.5
XX
DE  N=1491, Consensus=NNGGGTTGGNN, Score=355.062884600026
P0  A  C  G  T
01  195  132  861  303  N
02  211  86  827  367  N
03  9  0  1470  12  G
04  3  0  1479  9  G
05  2  5  1462  22  G
06  73  86  463  869  T
07  29  31  615  816  T
08  7  2  1464  18  G
09  0  0  1481  10  G
10  188  112  991  200  N
11  259  213  812  207  N
XX
IC  0.380 0.392 1.878 1.924 1.841 0.570 0.769 1.847 1.940 0.561 0.286
XX
XL
00  13
01  66
02  103
03  100
04  84
05  34
06  30
07  44
08  571
09  402
10  44
XX
//
