AC  K562.HNRNPK.1
XX
TY  Motif
XX
ID  K562.HNRNPK.1
XX
NA  K562.HNRNPK.1
XX
DE  N=220, Consensus=NNCACTTCCNN, Score=128.569715212589
P0  A  C  G  T
01  22  74  58  66  N
02  21  102  9  88  N
03  0  216  1  3  C
04  110  86  3  21  A
05  4  189  6  21  C
06  0  15  6  199  T
07  5  14  0  201  T
08  0  209  2  9  C
09  4  213  0  3  C
10  36  129  3  52  N
11  44  77  19  80  N
XX
IC  0.101 0.435 1.844 0.552 1.232 1.453 1.494 1.670 1.755 0.535 0.160
XX
XL
00  46
01  4
02  2
03  0
04  7
05  97
06  36
07  1
08  1
09  10
10  16
XX
//
