AC  K562.MTPAP.4
XX
TY  Motif
XX
ID  K562.MTPAP.4
XX
NA  K562.MTPAP.4
XX
DE  N=87, Consensus=NNCAAGCAANN, Score=63.7100662330344
P0  A  C  G  T
01  20  18  19  30  N
02  22  20  20  25  N
03  2  73  11  1  C
04  83  4  0  0  A
05  78  0  4  5  A
06  3  2  78  4  G
07  13  68  5  1  C
08  74  11  0  2  A
09  71  2  10  4  A
10  19  9  35  24  N
11  16  16  24  31  N
XX
IC  0.008 0.000 1.186 1.706 1.393 1.337 0.977 1.274 1.048 0.116 0.034
XX
XL
00  8
01  8
02  15
03  1
04  4
05  2
06  11
07  2
08  2
09  8
10  26
XX
//
