AC  K562.PPIL4.0
XX
TY  Motif
XX
ID  K562.PPIL4.0
XX
NA  K562.PPIL4.0
XX
DE  N=38, Consensus=NNAGCGTTCNN, Score=43.5031293404694
P0  A  C  G  T
01  14  10  8  6  N
02  11  11  8  8  N
03  36  0  0  2  A
04  2  1  35  0  G
05  6  29  1  2  C
06  3  4  26  5  G
07  0  1  0  37  T
08  0  1  3  34  T
09  0  32  3  3  C
10  9  8  3  18  N
11  10  7  6  15  N
XX
IC  0.012 0.000 1.646 1.472 0.863 0.552 1.767 1.372 1.156 0.178 0.037
XX
XL
00  5
01  1
02  3
03  0
04  2
05  0
06  3
07  7
08  2
09  8
10  7
XX
//
