AC  K562.FAM120A.2
XX
TY  Motif
XX
ID  K562.FAM120A.2
XX
NA  K562.FAM120A.2
XX
DE  N=120, Consensus=NNTAGCCCCNN, Score=79.7311820151876
P0  A  C  G  T
01  23  22  22  53  N
02  28  26  12  54  N
03  3  7  6  104  T
04  94  1  5  20  A
05  7  3  92  18  G
06  4  107  5  4  C
07  3  109  3  5  C
08  3  114  1  2  C
09  4  108  2  6  C
10  33  30  15  42  N
11  25  29  34  32  N
XX
IC  0.107 0.163 1.215 1.027 0.905 1.316 1.399 1.623 1.367 0.065 0.000
XX
XL
00  21
01  16
02  53
03  11
04  0
05  0
06  1
07  0
08  2
09  6
10  10
XX
//
