AC  K562.NSUN2.1
XX
TY  Motif
XX
ID  K562.NSUN2.1
XX
NA  K562.NSUN2.1
XX
DE  N=32, Consensus=NNCGTTCCTNN, Score=42.933578232258
P0  A  C  G  T
01  6  7  5  14  N
02  5  14  3  10  N
03  0  26  4  2  C
04  1  6  18  7  G
05  0  1  1  30  T
06  0  0  1  31  T
07  0  31  0  1  C
08  0  29  1  2  C
09  1  1  0  30  T
10  1  17  8  6  N
11  8  6  7  11  N
XX
IC  0.060 0.148 1.064 0.377 1.533 1.732 1.732 1.397 1.533 0.339 0.000
XX
XL
00  1
01  1
02  1
03  5
04  7
05  2
06  5
07  2
08  4
09  1
10  3
XX
//
