AC  K562.TARDBP.2
XX
TY  Motif
XX
ID  K562.TARDBP.2
XX
NA  K562.TARDBP.2
XX
DE  N=13658, Consensus=NNTGTGTGANN,NNTGTGTGTNN, Score=1305.02151238896
P0  A  C  G  T
01  724  790  546  11598  N
02  1500  450  11171  537  N
03  179  259  123  13097  T
04  597  145  12693  223  G
05  148  275  91  13144  T
06  819  202  12361  276  G
07  144  232  75  13207  T
08  716  218  12476  248  G
09  628  602  98  12330  A
10  1494  455  11061  648  N
11  750  985  684  11239  N
XX
IC  1.151 1.067 1.690 1.538 1.714 1.422 1.743 1.457 1.413 1.032 1.049
XX
XL
00  2179
01  17
02  2239
03  7
04  2052
05  9
06  2477
07  13
08  2265
09  25
10  2375
XX
//
