AC  K562.EIF4G2.2
XX
TY  Motif
XX
ID  K562.EIF4G2.2
XX
NA  K562.EIF4G2.2
XX
DE  N=770, Consensus=NNGTGCATGNN, Score=253.696331679763
P0  A  C  G  T
01  72  54  589  55  N
02  92  52  115  511  N
03  52  10  708  0  G
04  13  11  5  741  T
05  9  4  756  1  G
06  115  432  91  132  C
07  627  40  74  29  A
08  3  12  34  721  T
09  1  6  763  0  G
10  123  131  206  310  N
11  146  70  453  101  N
XX
IC  0.841 0.566 1.542 1.710 1.844 0.319 1.031 1.585 1.917 0.102 0.393
XX
XL
00  15
01  64
02  16
03  37
04  0
05  4
06  169
07  402
08  9
09  17
10  37
XX
//
