AC  K562.DDX3X.4
XX
TY  Motif
XX
ID  K562.DDX3X.4
XX
NA  K562.DDX3X.4
XX
DE  N=154, Consensus=NNCGGCGGTNN, Score=88.1973854795892
P0  A  C  G  T
01  18  44  55  37  N
02  19  29  68  38  N
03  3  137  7  7  C
04  9  1  136  8  G
05  0  6  146  2  G
06  5  142  0  7  C
07  4  7  129  14  G
08  6  12  130  6  G
09  5  15  16  118  T
10  10  30  68  46  N
11  14  29  73  38  N
XX
IC  0.083 0.141 1.320 1.319 1.649 1.515 1.118 1.128 0.864 0.229 0.209
XX
XL
00  25
01  22
02  3
03  0
04  4
05  9
06  4
07  7
08  37
09  25
10  18
XX
//
