AC  K562.TAF15.5
XX
TY  Motif
XX
ID  K562.TAF15.5
XX
NA  K562.TAF15.5
XX
DE  N=202, Consensus=NNGTAGGAANN, Score=125.417534042603
P0  A  C  G  T
01  74  21  51  56  N
02  39  11  91  61  N
03  16  13  156  17  G
04  16  18  35  133  T
05  186  0  16  0  A
06  0  0  196  6  G
07  0  0  202  0  G
08  154  5  41  2  A
09  200  2  0  0  A
10  25  10  150  17  N
11  64  41  77  20  N
XX
IC  0.105 0.263 0.856 0.554 1.590 1.796 1.989 1.026 1.909 0.782 0.136
XX
XL
00  6
01  8
02  36
03  6
04  1
05  1
06  127
07  1
08  1
09  6
10  9
XX
//
