AC  K562.DDX55.7
XX
TY  Motif
XX
ID  K562.DDX55.7
XX
NA  K562.DDX55.7
XX
DE  N=106, Consensus=NNTTGTCGTNN, Score=78.1372109408397
P0  A  C  G  T
01  15  19  15  57  N
02  19  18  10  59  N
03  0  3  0  103  T
04  0  0  0  106  T
05  2  4  92  8  G
06  0  3  0  103  T
07  14  76  5  11  C
08  13  8  55  30  G
09  2  1  0  103  T
10  6  30  31  39  N
11  22  19  27  38  N
XX
IC  0.255 0.309 1.794 1.980 1.234 1.794 0.703 0.320 1.768 0.180 0.031
XX
XL
00  2
01  27
02  11
03  19
04  6
05  8
06  7
07  3
08  3
09  10
10  10
XX
//
