AC  K562.TIA1.2
XX
TY  Motif
XX
ID  K562.TIA1.2
XX
NA  K562.TIA1.2
XX
DE  N=1670, Consensus=NNCTTTGGTNN, Score=281.236076022736
P0  A  C  G  T
01  306  330  311  723  N
02  356  308  301  705  N
03  72  1270  62  266  C
04  26  55  5  1584  T
05  10  64  58  1538  T
06  26  16  68  1560  T
07  51  15  1531  73  G
08  55  137  1382  96  G
09  64  126  223  1257  T
10  219  473  553  425  N
11  232  455  499  484  N
XX
IC  0.113 0.103 0.904 1.646 1.496 1.561 1.472 1.078 0.841 0.068 0.053
XX
XL
00  88
01  81
02  72
03  128
04  92
05  85
06  51
07  18
08  121
09  392
10  542
XX
//
