AC  K562.TNRC6A.2
XX
TY  Motif
XX
ID  K562.TNRC6A.2
XX
NA  K562.TNRC6A.2
XX
DE  N=357, Consensus=NNACACTCANN, Score=170.801048099353
P0  A  C  G  T
01  228  42  37  50  N
02  9  213  21  114  N
03  314  10  16  17  A
04  1  349  2  5  C
05  341  5  2  9  A
06  4  323  0  30  C
07  184  19  6  148  T
08  0  347  0  10  C
09  345  3  0  9  A
10  18  193  19  127  N
11  194  54  49  60  N
XX
IC  0.481 0.649 1.277 1.810 1.669 1.490 0.650 1.810 1.754 0.541 0.278
XX
XL
00  14
01  84
02  1
03  16
04  6
05  68
06  10
07  32
08  10
09  71
10  45
XX
//
