AC  K562.UCHL5.8
XX
TY  Motif
XX
ID  K562.UCHL5.8
XX
NA  K562.UCHL5.8
XX
DE  N=713, Consensus=NNGAAGAAANN, Score=183.961170473679
P0  A  C  G  T
01  312  92  109  200  N
02  234  30  203  246  N
03  48  23  614  28  G
04  641  17  43  12  A
05  642  0  35  36  A
06  44  11  646  12  G
07  643  33  27  10  A
08  631  29  32  21  A
09  529  38  88  58  A
10  221  101  164  227  N
11  162  88  177  286  N
XX
IC  0.165 0.231 1.206 1.387 1.430 1.428 1.392 1.302 0.785 0.060 0.111
XX
XL
00  62
01  106
02  65
03  20
04  29
05  14
06  34
07  26
08  51
09  105
10  201
XX
//
