AC  K562.U2AF2.5
XX
TY  Motif
XX
ID  K562.U2AF2.5
XX
NA  K562.U2AF2.5
XX
DE  N=1612, Consensus=NNTTCTAGGNN, Score=319.929688248718
P0  A  C  G  T
01  237  300  129  946  N
02  233  227  84  1068  N
03  0  39  5  1568  T
04  19  50  13  1530  T
05  139  872  117  484  C
06  32  102  6  1472  T
07  1415  12  37  148  A
08  25  3  1550  34  G
09  59  54  1451  48  G
10  357  410  298  547  N
11  381  355  381  495  N
XX
IC  0.398 0.581 1.804 1.640 0.418 1.485 1.340 1.717 1.372 0.035 0.011
XX
XL
00  472
01  250
02  346
03  136
04  59
05  186
06  21
07  2
08  30
09  49
10  61
XX
//
