AC  K562.KHSRP.6
XX
TY  Motif
XX
ID  K562.KHSRP.6
XX
NA  K562.KHSRP.6
XX
DE  N=6083, Consensus=NNATTGTTGNN, Score=607.39285724677
P0  A  C  G  T
01  1621  500  639  3323  N
02  1523  699  472  3389  N
03  5074  55  239  715  A
04  93  15  0  5975  T
05  50  0  0  6033  T
06  752  179  3512  1640  G
07  226  102  0  5755  T
08  109  0  39  5935  T
09  474  165  4480  964  G
10  1732  788  755  2808  N
11  1793  747  1184  2359  N
XX
IC  0.377 0.384 1.173 1.861 1.931 0.510 1.649 1.814 0.825 0.213 0.119
XX
XL
00  46
01  368
02  1014
03  220
04  387
05  1614
06  855
07  372
08  396
09  412
10  399
XX
//
