AC  K562.FAM120A.0
XX
TY  Motif
XX
ID  K562.FAM120A.0
XX
NA  K562.FAM120A.0
XX
DE  N=74, Consensus=NNCCCTAAGNN, Score=62.9581409622271
P0  A  C  G  T
01  12  17  12  33  N
02  11  16  15  32  N
03  2  65  0  7  C
04  0  71  0  3  C
05  5  66  0  3  C
06  1  5  2  66  T
07  52  4  10  8  A
08  71  0  0  3  A
09  4  4  57  9  G
10  16  22  12  24  N
11  21  20  19  14  N
XX
IC  0.113 0.095 1.344 1.726 1.373 1.336 0.648 1.726 0.856 0.020 0.000
XX
XL
00  13
01  3
02  0
03  0
04  0
05  28
06  7
07  1
08  3
09  15
10  4
XX
//
