AC  K562.ZRANB2.6
XX
TY  Motif
XX
ID  K562.ZRANB2.6
XX
NA  K562.ZRANB2.6
XX
DE  N=38, Consensus=NNCTGGTATNN, Score=45.0447331494939
P0  A  C  G  T
01  12  5  9  12  N
02  8  14  5  11  N
03  7  27  0  4  C
04  4  0  1  33  T
05  0  0  37  1  G
06  0  1  37  0  G
07  3  0  1  34  T
08  34  2  1  1  A
09  2  5  1  30  T
10  9  6  11  12  N
11  9  4  13  12  N
XX
IC  0.016 0.036 0.801 1.286 1.767 1.767 1.372 1.300 0.927 0.000 0.054
XX
XL
00  1
01  5
02  0
03  5
04  6
05  0
06  1
07  1
08  6
09  9
10  4
XX
//
