AC  K562.DDX3X.1
XX
TY  Motif
XX
ID  K562.DDX3X.1
XX
NA  K562.DDX3X.1
XX
DE  N=59, Consensus=NNCGGTAGCNN, Score=54.2022252801501
P0  A  C  G  T
01  12  15  17  15  N
02  8  17  22  12  N
03  1  51  3  4  C
04  3  2  46  8  G
05  0  1  58  0  G
06  0  7  3  49  T
07  40  3  13  3  A
08  2  2  53  2  G
09  0  57  0  2  C
10  8  17  14  20  N
11  8  7  33  11  N
XX
IC  0.000 0.057 1.200 0.908 1.839 1.157 0.665 1.328 1.750 0.034 0.287
XX
XL
00  4
01  4
02  3
03  2
04  5
05  16
06  1
07  0
08  2
09  9
10  13
XX
//
