AC  K562.METAP2.1
XX
TY  Motif
XX
ID  K562.METAP2.1
XX
NA  K562.METAP2.1
XX
DE  N=122, Consensus=NNACCATCGNN, Score=83.3337931922451
P0  A  C  G  T
01  24  23  11  64  N
02  6  58  36  22  N
03  119  2  1  0  A
04  5  87  3  27  C
05  0  116  0  6  C
06  110  4  1  7  A
07  2  4  4  112  T
08  2  94  13  13  C
09  11  4  100  7  G
10  34  38  19  31  N
11  8  59  35  20  N
XX
IC  0.266 0.293 1.793 0.833 1.699 1.393 1.448 0.907 1.036 0.024 0.273
XX
XL
00  45
01  11
02  0
03  22
04  6
05  2
06  12
07  8
08  1
09  9
10  6
XX
//
