AC  K562.TIA1.3
XX
TY  Motif
XX
ID  K562.TIA1.3
XX
NA  K562.TIA1.3
XX
DE  N=1286, Consensus=NNCTTGGTCNN, Score=236.406076980391
P0  A  C  G  T
01  237  292  271  486  N
02  277  300  190  519  N
03  33  1078  40  135  C
04  27  57  32  1170  T
05  14  20  76  1176  T
06  27  19  1121  119  G
07  34  105  1086  61  G
08  27  115  115  1029  T
09  0  1139  90  57  C
10  232  422  164  468  N
11  155  380  398  353  N
XX
IC  0.059 0.095 1.152 1.425 1.475 1.301 1.150 1.001 1.375 0.115 0.075
XX
XL
00  125
01  118
02  143
03  147
04  98
05  97
06  51
07  22
08  84
09  331
10  70
XX
//
