AC  K562.HNRNPM.9
XX
TY  Motif
XX
ID  K562.HNRNPM.9
XX
NA  K562.HNRNPM.9
XX
DE  N=1091, Consensus=NNTCTGGTGNN, Score=223.829415811217
P0  A  C  G  T
01  210  140  247  494  N
02  137  172  241  541  N
03  16  36  40  999  T
04  45  752  142  152  C
05  27  10  10  1044  T
06  20  6  1010  55  G
07  34  60  865  132  G
08  55  11  67  958  T
09  20  30  978  63  G
10  213  203  382  293  N
11  150  232  387  322  N
XX
IC  0.158 0.219 1.455 0.659 1.681 1.531 0.978 1.302 1.371 0.047 0.080
XX
XL
00  73
01  265
02  158
03  62
04  172
05  42
06  64
07  56
08  47
09  62
10  90
XX
//
