AC  K562.AGGF1.2
XX
TY  Motif
XX
ID  K562.AGGF1.2
XX
NA  K562.AGGF1.2
XX
DE  N=187, Consensus=NNAAGAACTNN, Score=98.774315777058
P0  A  C  G  T
01  52  22  50  63  N
02  65  32  58  32  N
03  164  6  12  5  A
04  173  0  8  6  A
05  15  7  160  5  G
06  176  3  5  3  A
07  172  0  9  6  A
08  40  112  9  26  C
09  5  0  6  176  T
10  52  21  26  88  N
11  47  28  45  67  N
XX
IC  0.074 0.063 1.269 1.531 1.187 1.575 1.508 0.463 1.607 0.213 0.052
XX
XL
00  23
01  13
02  2
03  2
04  3
05  4
06  8
07  3
08  49
09  53
10  27
XX
//
