AC  K562.RBM22.4
XX
TY  Motif
XX
ID  K562.RBM22.4
XX
NA  K562.RBM22.4
XX
DE  N=209, Consensus=NNGTAAGTTNN,NNGTGAGTTNN, Score=94.948192294216
P0  A  C  G  T
01  49  38  42  80  N
02  61  23  36  89  N
03  6  13  159  31  G
04  13  4  16  176  T
05  70  4  130  5  A
06  177  3  18  11  A
07  17  11  158  23  G
08  3  4  9  193  T
09  1  1  4  203  T
10  29  31  57  92  N
11  38  51  51  69  N
XX
IC  0.056 0.159 0.885 1.139 0.797 1.170 0.816 1.491 1.766 0.154 0.022
XX
XL
00  12
01  15
02  3
03  11
04  2
05  2
06  2
07  12
08  91
09  38
10  21
XX
//
