AC  K562.DDX55.3
XX
TY  Motif
XX
ID  K562.DDX55.3
XX
NA  K562.DDX55.3
XX
DE  N=51, Consensus=NNAACTATCNN, Score=50.8736811184457
P0  A  C  G  T
01  16  6  10  19  N
02  13  10  8  20  N
03  45  2  3  1  A
04  46  2  1  2  A
05  4  44  0  3  C
06  0  2  0  49  T
07  44  1  2  4  A
08  5  3  0  43  T
09  4  38  2  7  C
10  19  9  8  15  N
11  9  12  19  11  N
XX
IC  0.078 0.045 1.263 1.346 1.245 1.719 1.191 1.181 0.777 0.047 0.017
XX
XL
00  9
01  1
02  3
03  1
04  3
05  23
06  3
07  4
08  2
09  2
10  0
XX
//
