AC  K562.FAM120A.1
XX
TY  Motif
XX
ID  K562.FAM120A.1
XX
NA  K562.FAM120A.1
XX
DE  N=104, Consensus=NNAATCCCTNN, Score=69.2916269964816
P0  A  C  G  T
01  22  17  16  49  N
02  31  11  16  46  N
03  93  4  0  7  A
04  88  5  3  8  A
05  5  5  7  87  T
06  1  91  7  5  C
07  5  91  2  6  C
08  1  96  1  6  C
09  8  8  3  85  T
10  17  26  22  39  N
11  30  27  18  29  N
XX
IC  0.151 0.180 1.392 1.133 1.081 1.274 1.253 1.506 1.024 0.047 0.005
XX
XL
00  18
01  28
02  9
03  3
04  3
05  1
06  1
07  3
08  13
09  11
10  14
XX
//
