AC  K562.TBRG4.5
XX
TY  Motif
XX
ID  K562.TBRG4.5
XX
NA  K562.TBRG4.5
XX
DE  N=26, Consensus=NNATCCCTANN, Score=34.2238854428723
P0  A  C  G  T
01  8  5  4  9  N
02  8  3  4  11  N
03  24  0  0  2  A
04  0  2  0  24  T
05  0  21  3  2  C
06  1  24  0  1  C
07  2  23  0  1  C
08  3  2  1  20  T
09  21  2  2  1  A
10  6  6  6  8  N
11  11  6  5  4  N
XX
IC  0.000 0.094 1.526 1.526 1.024 1.449 1.295 0.801 0.918 0.000 0.031
XX
XL
00  4
01  3
02  2
03  5
04  1
05  2
06  1
07  1
08  2
09  3
10  2
XX
//
