AC  K562.TNRC6A.5
XX
TY  Motif
XX
ID  K562.TNRC6A.5
XX
NA  K562.TNRC6A.5
XX
DE  N=271, Consensus=NNGCATACANN, Score=156.664395778895
P0  A  C  G  T
01  168  37  30  36  N
02  2  60  11  198  N
03  64  9  184  14  G
04  4  260  3  4  C
05  268  0  0  3  A
06  7  80  3  181  T
07  224  13  33  1  A
08  0  268  0  3  C
09  267  0  2  2  A
10  11  158  17  85  N
11  152  39  48  32  N
XX
IC  0.434 0.940 0.737 1.683 1.904 0.875 1.155 1.904 1.866 0.575 0.315
XX
XL
00  17
01  142
02  1
03  9
04  1
05  45
06  2
07  6
08  3
09  33
10  12
XX
//
