AC  K562.AGGF1.1
XX
TY  Motif
XX
ID  K562.AGGF1.1
XX
NA  K562.AGGF1.1
XX
DE  N=2599, Consensus=NNCACACACNN,NNCACACAANN, Score=437.998625252616
P0  A  C  G  T
01  160  1355  85  999  N
02  1495  197  599  308  N
03  27  2367  30  175  C
04  2456  27  22  94  A
05  45  2321  36  197  C
06  2354  94  40  111  A
07  21  2394  51  133  C
08  2415  74  18  92  A
09  88  2054  85  372  C
10  1556  383  296  364  N
11  226  1389  174  810  N
XX
IC  0.570 0.406 1.471 1.622 1.384 1.410 1.503 1.534 1.003 0.395 0.424
XX
XL
00  804
01  53
02  213
03  25
04  181
05  15
06  181
07  46
08  297
09  184
10  600
XX
//
