AC  K562.U2AF2.3
XX
TY  Motif
XX
ID  K562.U2AF2.3
XX
NA  K562.U2AF2.3
XX
DE  N=2028, Consensus=NNCTTTCAGNN, Score=339.547937359057
P0  A  C  G  T
01  256  396  158  1218  N
02  248  362  102  1316  N
03  116  1283  56  573  C
04  20  46  3  1959  T
05  4  37  9  1978  T
06  83  85  55  1805  T
07  48  1746  24  210  C
08  1788  27  9  204  A
09  48  108  1742  130  G
10  406  460  658  504  N
11  376  582  373  697  N
XX
IC  0.433 0.563 0.687 1.747 1.806 1.328 1.271 1.388 1.203 0.023 0.052
XX
XL
00  326
01  355
02  304
03  224
04  363
05  82
06  106
07  21
08  35
09  109
10  103
XX
//
