AC  K562.RPS11.0
XX
TY  Motif
XX
ID  K562.RPS11.0
XX
NA  K562.RPS11.0
XX
DE  N=20, Consensus=NNTCATAGANN, Score=36.9216664270069
P0  A  C  G  T
01  3  5  4  8  N
02  2  4  7  7  N
03  0  0  0  20  T
04  2  15  1  2  C
05  17  2  0  1  A
06  0  1  2  17  T
07  17  1  2  0  A
08  0  1  19  0  G
09  20  0  0  0  A
10  5  2  9  4  N
11  6  7  7  0  N
XX
IC  0.000 0.035 1.892 0.700 1.144 1.144 1.144 1.605 1.892 0.077 0.311
XX
XL
00  4
01  1
02  0
03  6
04  1
05  3
06  0
07  3
08  1
09  0
10  1
XX
//
