AC  K562.HNRNPA1.1
XX
TY  Motif
XX
ID  K562.HNRNPA1.1
XX
NA  K562.HNRNPA1.1
XX
DE  N=3133, Consensus=NNTCAGGGANN, Score=591.507010191553
P0  A  C  G  T
01  964  515  850  804  N
02  688  615  968  862  N
03  364  311  541  1917  T
04  129  2164  415  425  C
05  3133  0  0  0  A
06  122  0  3002  9  G
07  10  0  3109  14  G
08  222  41  2851  19  G
09  3129  0  0  4  A
10  46  19  3068  0  N
11  1016  754  769  594  N
XX
IC  0.034 0.022 0.437 0.664 1.999 1.734 1.927 1.478 1.985 1.836 0.026
XX
XL
00  26
01  31
02  29
03  0
04  0
05  2
06  2994
07  4
08  2
09  0
10  45
XX
//
