AC  K562.MTPAP.6
XX
TY  Motif
XX
ID  K562.MTPAP.6
XX
NA  K562.MTPAP.6
XX
DE  N=53, Consensus=NNACTACAGNN, Score=52.0771882199697
P0  A  C  G  T
01  12  14  11  16  N
02  10  9  15  19  N
03  41  7  2  3  A
04  3  47  2  1  C
05  2  0  0  51  T
06  34  5  5  9  A
07  1  50  1  1  C
08  48  2  3  0  A
09  1  0  52  0  G
10  11  11  14  17  N
11  3  17  24  9  N
XX
IC  0.000 0.025 0.874 1.284 1.727 0.471 1.556 1.417 1.824 0.000 0.247
XX
XL
00  6
01  11
02  1
03  0
04  13
05  4
06  2
07  3
08  4
09  7
10  2
XX
//
