AC  K562.FXR1.8
XX
TY  Motif
XX
ID  K562.FXR1.8
XX
NA  K562.FXR1.8
XX
DE  N=65, Consensus=NNACAAGACNN, Score=53.7237041131977
P0  A  C  G  T
01  7  11  19  28  N
02  13  10  18  24  N
03  53  3  2  7  A
04  5  52  6  2  C
05  59  3  1  2  A
06  59  2  2  2  A
07  1  3  58  3  G
08  59  2  4  0  A
09  6  50  0  9  C
10  18  15  12  20  N
11  14  7  22  22  N
XX
IC  0.145 0.043 1.021 0.953 1.388 1.376 1.318 1.438 0.963 0.000 0.085
XX
XL
00  11
01  14
02  0
03  4
04  5
05  2
06  2
07  0
08  8
09  9
10  10
XX
//
