AC  K562.DDX3X.9
XX
TY  Motif
XX
ID  K562.DDX3X.9
XX
NA  K562.DDX3X.9
XX
DE  N=187, Consensus=NNCGCGGCCNN, Score=93.8371534393443
P0  A  C  G  T
01  25  38  59  65  N
02  9  70  60  48  N
03  4  154  16  13  C
04  4  14  163  6  G
05  5  169  8  5  C
06  9  25  138  15  G
07  2  7  170  8  G
08  2  171  8  6  C
09  2  169  8  8  C
10  31  45  47  64  N
11  15  58  55  59  N
XX
IC  0.078 0.217 1.068 1.258 1.383 0.774 1.421 1.447 1.397 0.034 0.128
XX
XL
00  54
01  8
02  13
03  5
04  12
05  7
06  4
07  5
08  10
09  21
10  48
XX
//
