AC  K562.XRCC6.3
XX
TY  Motif
XX
ID  K562.XRCC6.3
XX
NA  K562.XRCC6.3
XX
DE  N=80, Consensus=NNGCAAGCTNN, Score=64.3574482393519
P0  A  C  G  T
01  7  35  24  14  N
02  20  9  14  37  N
03  0  6  66  8  G
04  5  68  6  1  C
05  76  2  2  0  A
06  72  2  5  1  A
07  4  17  54  5  G
08  2  73  2  3  C
09  2  2  2  74  T
10  7  28  26  19  N
11  9  16  23  32  N
XX
IC  0.183 0.164 1.132 1.164 1.637 1.374 0.649 1.409 1.470 0.116 0.108
XX
XL
00  7
01  7
02  1
03  8
04  1
05  2
06  4
07  0
08  22
09  7
10  21
XX
//
