AC  K562.DDX55.9
XX
TY  Motif
XX
ID  K562.DDX55.9
XX
NA  K562.DDX55.9
XX
DE  N=22, Consensus=NNCTCGCACNN, Score=38.6476763050575
P0  A  C  G  T
01  3  7  0  12  N
02  3  5  6  8  N
03  0  21  1  0  C
04  0  0  2  20  T
05  0  19  1  2  C
06  0  4  14  4  G
07  0  22  0  0  C
08  17  1  2  2  A
09  0  19  2  1  C
10  1  9  4  8  N
11  2  4  3  13  N
XX
IC  0.507 0.000 1.635 1.462 1.202 0.592 1.902 0.783 1.202 0.194 0.300
XX
XL
00  4
01  0
02  0
03  0
04  6
05  2
06  0
07  0
08  2
09  2
10  6
XX
//
