AC  K562.HNRNPU.2
XX
TY  Motif
XX
ID  K562.HNRNPU.2
XX
NA  K562.HNRNPU.2
XX
DE  N=3455, Consensus=NNTAGGAAGNN, Score=529.251473732995
P0  A  C  G  T
01  819  514  1217  905  N
02  761  628  1058  1008  N
03  309  537  482  2127  T
04  3295  0  93  67  A
05  105  0  3337  13  G
06  51  19  3366  19  G
07  2178  54  1164  59  A
08  3432  0  23  0  A
09  15  0  3440  0  G
10  965  740  1308  442  N
11  965  786  1146  558  N
XX
IC  0.062 0.030 0.443 1.683 1.767 1.790 0.857 1.942 1.959 0.099 0.047
XX
XL
00  92
01  193
02  75
03  29
04  23
05  2835
06  6
07  0
08  21
09  140
10  41
XX
//
