AC  K562.QKI.2
XX
TY  Motif
XX
ID  K562.QKI.2
XX
NA  K562.QKI.2
XX
DE  N=696, Consensus=NNCTAACAANN,NNCTAACATNN, Score=248.114746657823
P0  A  C  G  T
01  125  66  35  470  N
02  584  24  21  67  N
03  8  638  0  50  C
04  2  0  0  694  T
05  691  3  0  2  A
06  696  0  0  0  A
07  31  520  1  144  C
08  500  128  5  63  A
09  187  41  28  440  A
10  122  110  99  365  N
11  167  172  89  268  N
XX
IC  0.630 1.140 1.535 1.968 1.928 1.997 0.999 0.840 0.642 0.247 0.095
XX
XL
00  270
01  32
02  5
03  4
04  1
05  0
06  0
07  14
08  284
09  68
10  18
XX
//
