AC  K562.PRPF8.2
XX
TY  Motif
XX
ID  K562.PRPF8.2
XX
NA  K562.PRPF8.2
XX
DE  N=1958, Consensus=NNGTAAGTGNN, Score=373.948483074434
P0  A  C  G  T
01  840  339  415  364  N
02  316  120  1171  351  N
03  6  0  1907  45  G
04  4  24  21  1909  T
05  1179  51  704  24  A
06  1740  50  92  76  A
07  17  34  1880  27  G
08  90  41  101  1726  T
09  115  114  1661  68  G
10  419  542  544  453  N
11  287  632  653  386  N
XX
IC  0.111 0.439 1.811 1.797 0.813 1.323 1.696 1.297 1.150 0.008 0.076
XX
XL
00  55
01  1164
02  496
03  57
04  17
05  62
06  6
07  37
08  13
09  33
10  18
XX
//
