AC  K562.XRN2.1
XX
TY  Motif
XX
ID  K562.XRN2.1
XX
NA  K562.XRN2.1
XX
DE  N=111, Consensus=NNGGGCGCTNN, Score=77.2659552332115
P0  A  C  G  T
01  14  39  43  15  N
02  19  27  40  25  N
03  1  0  105  5  G
04  3  0  103  5  G
05  3  6  102  0  G
06  15  67  19  10  C
07  0  6  99  6  G
08  1  99  7  4  C
09  0  4  11  96  T
10  3  23  67  18  N
11  14  27  47  23  N
XX
IC  0.153 0.034 1.642 1.538 1.500 0.402 1.378 1.348 1.296 0.504 0.112
XX
XL
00  8
01  13
02  5
03  20
04  1
05  9
06  1
07  5
08  31
09  8
10  10
XX
//
