AC  K562.KHSRP.1
XX
TY  Motif
XX
ID  K562.KHSRP.1
XX
NA  K562.KHSRP.1
XX
DE  N=13274, Consensus=NNTGATGTTNN,NNTGTTGTTNN, Score=830.405252255165
P0  A  C  G  T
01  3538  1204  1658  6874  N
02  3231  1489  1486  7068  N
03  195  0  0  13079  T
04  1428  492  8506  2848  G
05  3718  92  13  9451  A
06  256  0  40  12978  T
07  1606  588  7553  3527  G
08  285  147  0  12842  T
09  417  77  341  12439  T
10  3070  1357  2710  6137  N
11  3445  1654  2062  6113  N
XX
IC  0.311 0.312 1.889 0.590 1.077 1.833 0.461 1.763 1.576 0.192 0.188
XX
XL
00  908
01  297
02  302
03  1063
04  807
05  829
06  1870
07  1962
08  1923
09  1859
10  1454
XX
//
