AC  K562.NCBP2.4
XX
TY  Motif
XX
ID  K562.NCBP2.4
XX
NA  K562.NCBP2.4
XX
DE  N=58, Consensus=NNCGGCGGTNN, Score=87.6426193319141
P0  A  C  G  T
01  0  9  45  4  N
02  2  12  44  0  N
03  0  58  0  0  C
04  1  0  57  0  G
05  0  0  58  0  G
06  0  58  0  0  C
07  0  0  58  0  G
08  0  0  58  0  G
09  1  30  22  5  T
10  1  12  44  1  N
11  1  5  45  7  N
XX
IC  0.995 1.023 1.963 1.837 1.963 1.963 1.963 1.963 0.534 0.988 0.905
XX
XL
00  10
01  5
02  2
03  4
04  4
05  7
06  6
07  6
08  4
09  5
10  5
XX
//
