AC  K562.FXR1.2
XX
TY  Motif
XX
ID  K562.FXR1.2
XX
NA  K562.FXR1.2
XX
DE  N=62, Consensus=NNCGAATTGNN, Score=55.4242776605924
P0  A  C  G  T
01  23  9  12  18  N
02  19  16  8  19  N
03  6  40  7  9  C
04  2  4  50  6  G
05  53  3  2  4  A
06  54  2  1  5  A
07  2  0  0  60  T
08  0  0  0  62  T
09  1  1  55  5  G
10  14  10  18  20  N
11  18  11  10  23  N
XX
IC  0.054 0.034 0.472 0.974 1.145 1.243 1.760 1.965 1.327 0.011 0.049
XX
XL
00  7
01  4
02  1
03  1
04  0
05  4
06  8
07  24
08  2
09  8
10  3
XX
//
