AC  K562.DDX3X.2
XX
TY  Motif
XX
ID  K562.DDX3X.2
XX
NA  K562.DDX3X.2
XX
DE  N=153, Consensus=NNCGCGCTTNN, Score=93.4115987416109
P0  A  C  G  T
01  14  57  47  35  N
02  11  62  46  34  N
03  8  124  13  8  C
04  0  7  145  1  G
05  7  128  14  4  C
06  5  11  122  15  G
07  2  140  5  6  C
08  0  8  6  139  T
09  3  3  14  133  T
10  4  53  42  54  N
11  15  49  47  42  N
XX
IC  0.130 0.181 0.993 1.661 1.114 0.963 1.442 1.454 1.272 0.276 0.096
XX
XL
00  5
01  2
02  7
03  0
04  0
05  1
06  3
07  28
08  64
09  34
10  9
XX
//
