AC  K562.DDX24.7
XX
TY  Motif
XX
ID  K562.DDX24.7
XX
NA  K562.DDX24.7
XX
DE  N=92, Consensus=NNAGGTATGNN, Score=68.4058763684095
P0  A  C  G  T
01  20  22  28  22  N
02  20  26  26  20  N
03  86  2  1  3  A
04  1  1  86  4  G
05  1  3  85  3  G
06  4  0  4  84  T
07  70  5  6  11  A
08  15  6  10  61  T
09  0  2  87  3  G
10  15  20  31  26  N
11  13  20  38  21  N
XX
IC  0.000 0.000 1.533 1.547 1.478 1.463 0.825 0.552 1.619 0.027 0.086
XX
XL
00  5
01  2
02  4
03  40
04  1
05  3
06  2
07  19
08  1
09  5
10  10
XX
//
