# of cc after modularity optimization: 1928
cc #0: n=12
[177, 5321, 6285, 6277, 6286, 6275, 6271, 6282, 2247, 6273, 309, 170591]
cc #1: n=12
[7385, 3416, 4856, 3630, 3479, 3481, 3488, 3490, 3487, 3485, 3486, 3489]
cc #2: n=557
[3265, 387, 1398, 5788, 3791, 4893, 3845, 2885, 5295, 5599, 5296, 55114, 2549, 6654, 2049, 5159, 868, 3815, 6714, 8503, 4739, 5781, 9564, 9046, 5747, 8651, 2066, 7535, 867, 9743, 5290, 3636, 10818, 1796, 9306, 50807, 5770, 5794, 6464, 8471, 4233, 140462, 2260, 27, 6776, 6655, 116449, 2241, 2048, 2065, 25, 1956, 613, 2064, 5979, 23616, 5156, 5291, 9846, 7159, 6461, 8835, 84941, 23328, 9047, 11184, 79834, 2889, 53347, 84959, 6850, 23607, 6777, 5594, 1432, 2534, 8631, 919, 3932, 4067, 920, 5335, 5777, 2887, 4690, 5921, 5782, 2321, 5801, 25759, 23022, 1969, 673, 5894, 5584, 26524, 11186, 7525, 6093, 51393, 1019, 199223, 23179, 55361, 54522, 114793, 9077, 2043, 6195, 57465, 369, 9475, 55691, 3643, 695, 54922, 10006, 4920, 26000, 5608, 340120, 57513, 203447, 23580, 84953, 83874, 9411, 5792, 55785, 5754, 81624, 9784, 6009, 2059, 998, 5604, 23331, 10493, 2886, 120892, 57664, 9181, 50649, 10451, 5586, 5337, 4168, 57522, 392, 5585, 285282, 29127, 3572, 59338, 5609, 1020, 11188, 9363, 9578, 5879, 3055, 25998, 26499, 83992, 6767, 10174, 3480, 92591, 3716, 9402, 8878, 7444, 57172, 5607, 207, 6794, 2264, 10746, 894, 5606, 5590, 1021, 2911, 5598, 84662, 3082, 4215, 50855, 131890, 3551, 1760, 5578, 4217, 5588, 85366, 5580, 5579, 147746, 208, 157285, 5587, 6196, 6198, 5581, 6197, 1147, 5058, 3654, 4342, 79705, 7046, 3635, 5800, 6503, 5778, 338599, 142679, 5728, 4914, 22848, 5595, 5062, 55872, 4145, 7294, 5336, 5605, 4734, 25791, 1843, 5170, 5494, 1445, 3667, 5601, 25999, 10188, 63826, 10395, 4486, 23551, 6416, 898, 55437, 340273, 8428, 55773, 84708, 10580, 148979, 51248, 57480, 79817, 8470, 4216, 51765, 8986, 23253, 11099, 6474, 3718, 28988, 6098, 9965, 2250, 54206, 7016, 6772, 7048, 3702, 7410, 7409, 2185, 6452, 6774, 3717, 4915, 1399, 53358, 10603, 7094, 23371, 640, 7301, 8412, 8440, 7006, 660, 55359, 2268, 10019, 2047, 84174, 3645, 10045, 64759, 2322, 5753, 11122, 29760, 1154, 238, 9180, 84868, 23294, 1033, 90525, 8711, 23322, 30011, 4058, 9344, 1441, 60312, 9847, 22998, 1627, 26509, 2888, 2915, 22974, 23101, 10152, 90273, 6885, 1846, 7123, 51776, 5600, 9175, 3575, 7297, 84433, 25780, 9322, 54869, 7263, 10611, 2580, 257629, 8934, 3199, 10295, 4921, 5338, 2917, 10928, 9021, 5496, 64750, 6921, 54145, 54704, 57546, 84063, 84867, 3059, 7454, 9627, 4867, 9625, 22853, 80895, 64798, 29904, 79955, 357, 160622, 80303, 5756, 2242, 122809, 8660, 9943, 2017, 558, 121340, 29959, 8895, 6259, 399694, 147686, 79187, 55552, 11221, 100289635, 1468, 92610, 80125, 4069, 4761, 7984, 64333, 9050, 8935, 1436, 26469, 116985, 26191, 30811, 139716, 25970, 63898, 3937, 79949, 915, 917, 55824, 2057, 259215, 2690, 5771, 26228, 55843, 3977, 26095, 114132, 114836, 115352, 1600, 59341, 4068, 9699, 10044, 129138, 127255, 130271, 84765, 3356, 2205, 916, 10326, 10817, 3913, 7867, 7701, 9518, 2764, 3226, 2444, 84951, 100271927, 6525, 219537, 9655, 346007, 1839, 201176, 148170, 56990, 9912, 139728, 80351, 25992, 23400, 138639, 55207, 123722, 5998, 23384, 9829, 2533, 79990, 10750, 26291, 6725, 5314, 64787, 57611, 54674, 222229, 64411, 5780, 84640, 10278, 8997, 23604, 7145, 5286, 3698, 3695, 2620, 55184, 80723, 123036, 29887, 10595, 84775, 284309, 8526, 9515, 255762, 89869, 1510, 7772, 9723, 55786, 161176, 400224, 114987, 5332, 221749, 246176, 84924, 349075, 64097, 84539, 9436, 114625, 187, 3274, 80114, 59350, 23007, 57662, 54734, 3598, 4240, 7414, 139741, 54549, 79574, 6014, 7070, 2249, 3642, 368, 26960, 169166, 1215, 5652, 5029, 30837, 84727, 64221, 350383, 23762, 221935, 116135, 284273, 58473, 51168, 5008, 1271, 4225, 1949, 4352, 9639, 200014, 9162, 4254, 2056, 1435, 1896, 23362, 255743, 3976]
cc #3: n=17
[3339, 5154, 2335, 375790, 29992, 3482, 80059, 2252, 22795, 29990, 284217, 63923, 5549, 5118, 4604, 11167, 3914]
cc #4: n=12
[83593, 9770, 6789, 6788, 204851, 4898, 259230, 283349, 7692, 57116, 166824, 83937]
cc #5: n=64
[84932, 5868, 10890, 5878, 11031, 5870, 254102, 57826, 9230, 5910, 5861, 7879, 5872, 10204, 9779, 57498, 51102, 9367, 51560, 376267, 22931, 8766, 4218, 64223, 51762, 5864, 2664, 81876, 1122, 92017, 1121, 2665, 389072, 5862, 22879, 51703, 51622, 8540, 84315, 64284, 4943, 117177, 79827, 127829, 326624, 5865, 5866, 115704, 80851, 9467, 23549, 7813, 259173, 3382, 23085, 22895, 5877, 9853, 84084, 84134, 51209, 201475, 55761, 339122]
cc #6: n=12
[51735, 22808, 5906, 11069, 9546, 9771, 5007, 10411, 153241, 23075, 5911, 115727]
cc #7: n=12
[8407, 3936, 5358, 8558, 55033, 5357, 2281, 2286, 6876, 29114, 84766, 81034]
cc #8: n=17
[8976, 29763, 11252, 23268, 94134, 644150, 147179, 8867, 7456, 54874, 29993, 8522, 23242, 388228, 170961, 9051, 8936]
cc #9: n=10
[5873, 5874, 54843, 84958, 51322, 94122, 79083, 94120, 25924, 9501]
cc #10: n=12
[64780, 23370, 11135, 79658, 4983, 23092, 50619, 29941, 10435, 143872, 25966, 23026]
cc #11: n=20
[7532, 10971, 2810, 56924, 10298, 7534, 10290, 7531, 7533, 5530, 150094, 7529, 15, 221178, 23235, 23387, 4077, 55920, 7869, 171177]
cc #12: n=21
[140469, 506, 498, 525, 523, 9114, 509, 51382, 526, 1657, 529, 539, 513, 93974, 10312, 51606, 9296, 63027, 50617, 514, 518]
cc #13: n=19
[9064, 55614, 5563, 5562, 389840, 10645, 8408, 5261, 875, 5565, 51422, 4892, 347240, 53632, 5564, 5571, 80301, 10590, 5260]
cc #14: n=16
[5566, 22852, 5613, 5567, 5573, 5577, 11142, 5575, 5569, 5576, 5568, 8852, 8165, 84281, 9495, 9590]
cc #15: n=20
[7874, 27005, 9101, 7375, 8237, 9958, 10868, 10425, 7345, 84196, 57646, 83858, 84669, 55892, 53904, 5178, 84622, 158880, 23032, 57343]
cc #16: n=16
[163, 160, 161, 162, 79585, 1173, 8905, 65065, 1174, 8907, 164, 130340, 1175, 8906, 10053, 54093]
cc #17: n=1060
[7157, 10657, 7465, 8880, 2547, 22806, 84292, 983, 1452, 55054, 9448, 1499, 11329, 29, 6674, 23705, 50488, 1456, 4140, 57120, 4214, 8939, 23164, 1455, 9212, 10643, 55607, 5347, 3190, 1460, 24148, 57521, 6732, 55521, 85481, 10482, 9908, 6733, 65018, 166614, 54039, 3320, 4609, 11140, 51343, 1017, 5501, 984, 23020, 9641, 22858, 9868, 83694, 27257, 27102, 2869, 5610, 55601, 9401, 728642, 5129, 29128, 55351, 29110, 23386, 5536, 6199, 6795, 282974, 2931, 23517, 1459, 1198, 26576, 6790, 415116, 1457, 79657, 3326, 4293, 10726, 23770, 2289, 64848, 340156, 23759, 1025, 8899, 79012, 9149, 23678, 7272, 9636, 2932, 8621, 79858, 1022, 83479, 11040, 1196, 140901, 51231, 149420, 65975, 6635, 10110, 10450, 27339, 10598, 11072, 8850, 1024, 51755, 29028, 27443, 2648, 2033, 57410, 8019, 6595, 1387, 6046, 9113, 4751, 55023, 11176, 23476, 6597, 8452, 993, 29117, 10432, 1994, 6421, 57154, 3191, 904, 2100, 3993, 1487, 6741, 10238, 6780, 8349, 2099, 2521, 1655, 672, 3018, 6830, 10189, 23189, 5478, 5500, 6615, 5499, 10013, 51058, 3014, 8924, 11180, 57599, 51545, 1859, 11200, 373863, 10413, 9820, 64783, 51574, 8451, 23435, 8450, 115426, 2735, 55339, 10131, 79084, 10155, 83737, 11083, 9555, 55506, 2186, 5597, 8945, 23552, 11171, 8662, 3692, 8668, 4691, 7182, 1660, 11338, 57062, 3609, 1642, 23133, 991, 57695, 3087, 387893, 57558, 7706, 6657, 6418, 10771, 3178, 29896, 3185, 9775, 10492, 5725, 4670, 3184, 8335, 7203, 86, 3183, 6432, 6626, 6636, 9188, 1653, 9948, 4361, 1654, 4673, 9733, 28990, 5936, 84991, 4942, 10179, 1993, 5935, 85417, 22827, 5479, 1314, 4683, 6233, 1665, 54619, 26227, 85235, 245711, 10399, 6633, 115817, 10521, 51514, 7919, 4331, 5300, 55294, 8467, 7555, 83743, 1894, 85313, 80232, 6632, 5931, 23291, 3189, 23029, 6426, 6625, 6430, 6428, 27316, 3181, 4841, 6429, 494115, 10921, 10642, 26986, 8761, 9667, 80349, 116143, 23645, 55131, 10772, 84687, 4288, 79573, 5504, 2954, 27332, 6434, 8480, 6431, 11137, 157313, 389677, 84919, 63934, 6427, 153743, 55147, 9295, 11030, 79753, 5460, 138046, 23543, 9112, 7443, 83953, 28996, 6117, 1108, 58517, 8233, 10236, 1107, 8726, 10987, 79228, 9128, 8148, 2130, 9785, 6634, 10594, 11169, 6628, 55234, 4116, 6638, 9416, 6637, 9584, 9410, 10181, 6629, 51691, 56949, 51741, 51340, 7186, 23586, 7187, 55635, 124540, 121441, 126961, 8353, 57819, 23658, 25804, 9129, 27258, 11157, 11218, 54472, 5937, 1643, 23350, 55759, 25890, 6594, 55031, 22907, 26608, 9360, 552, 8338, 7188, 10644, 343069, 79132, 51163, 143425, 11052, 5928, 10320, 8683, 8666, 57418, 51202, 10885, 10973, 10146, 11059, 79039, 11056, 3070, 23528, 5511, 92906, 51191, 23097, 8208, 9987, 10949, 64434, 2091, 81892, 79665, 8106, 7307, 22916, 5356, 3188, 8653, 64852, 170506, 90957, 1153, 84128, 144983, 5093, 51690, 55110, 649330, 9184, 8570, 84271, 51008, 10262, 83889, 55696, 1656, 11091, 3182, 55299, 80222, 9939, 55760, 220988, 1488, 319089, 4686, 2976, 3187, 9400, 22913, 1975, 84365, 5094, 26065, 84263, 6605, 65008, 6749, 7013, 8290, 4736, 4839, 3028, 7019, 26156, 149986, 57018, 55660, 10308, 7581, 57677, 284459, 79171, 8812, 8350, 10059, 10713, 26118, 1105, 22976, 2146, 333932, 8339, 10014, 8446, 8337, 83903, 125950, 8886, 8555, 57647, 9698, 22835, 167359, 55561, 23220, 7290, 5930, 55269, 25864, 670, 155435, 7014, 7643, 4622, 1195, 11060, 140890, 6294, 9391, 54853, 10929, 84874, 22950, 164781, 7936, 8794, 51645, 388403, 2287, 1659, 54487, 140730, 29102, 5532, 10023, 5533, 10291, 8556, 54475, 55596, 4940, 54033, 7468, 11066, 25929, 9640, 63976, 8241, 124, 51538, 51428, 19, 7536, 57592, 23613, 4820, 5940, 159163, 8331, 3012, 25879, 8449, 23082, 80205, 51362, 22984, 5078, 7528, 463, 57690, 342357, 5459, 10915, 54729, 5977, 27336, 4676, 79869, 4150, 9136, 51096, 56916, 54521, 9656, 2122, 79923, 7458, 79009, 85364, 2926, 79724, 197335, 10212, 10847, 79811, 676, 55661, 23398, 84321, 155061, 23013, 10733, 154091, 54663, 84749, 8086, 84916, 84223, 23401, 7694, 100526737, 54606, 1662, 9991, 114034, 1044, 90075, 54505, 89849, 55003, 2872, 323, 3096, 7101, 202333, 7080, 8342, 114783, 55599, 10523, 1207, 55954, 84619, 55094, 253635, 10992, 51639, 9879, 11325, 10946, 60625, 6631, 24144, 26121, 6627, 3017, 10785, 7072, 4297, 11100, 9782, 3192, 6156, 51320, 55100, 22985, 148479, 199746, 57696, 1477, 58155, 56342, 1478, 29890, 5341, 64062, 50, 54439, 51503, 50804, 23091, 317772, 6206, 1939, 51634, 84154, 10656, 202559, 84324, 22897, 4277, 338692, 4602, 2074, 114803, 5325, 6239, 129831, 24137, 10658, 57466, 53944, 3015, 4520, 79718, 8462, 430, 7799, 163732, 10370, 4435, 23335, 54822, 6130, 221927, 9931, 114026, 85451, 7073, 23160, 326, 4603, 79885, 4774, 64375, 9540, 79670, 22938, 55193, 26038, 26959, 56919, 57680, 5253, 63973, 54014, 10664, 9425, 54542, 149041, 23512, 8896, 23450, 9830, 10286, 84135, 56164, 322, 5822, 55175, 151230, 9920, 284697, 23246, 55727, 29894, 114781, 79786, 57705, 54461, 390594, 23132, 92815, 55250, 10607, 51366, 10465, 9690, 54467, 84132, 23077, 57602, 5896, 79184, 161436, 5309, 11193, 7181, 23451, 6651, 678, 55749, 57794, 4809, 54952, 143, 23609, 26528, 92999, 54386, 56829, 90665, 85236, 554313, 8348, 64431, 723790, 8970, 10284, 9169, 285676, 4685, 29956, 140886, 91664, 9904, 23036, 83759, 197407, 55035, 54715, 126208, 283337, 22834, 113251, 4440, 84305, 8531, 221092, 23367, 11278, 56992, 55140, 7737, 55904, 23144, 152110, 133584, 64794, 5042, 113835, 254048, 7552, 5723, 259282, 50485, 22872, 29066, 79727, 10780, 149076, 9831, 7913, 23174, 7644, 85437, 84436, 126231, 85464, 23185, 54890, 58492, 57711, 54502, 57167, 220074, 399664, 55884, 55132, 115196, 23608, 64761, 23318, 158586, 360023, 9444, 23071, 677, 84159, 10776, 125919, 80742, 283106, 147923, 55079, 389114, 27300, 55285, 79269, 389421, 4904, 80336, 1106, 139804, 102724594, 402569, 27303, 84181, 84524, 84811, 692312, 51087, 11051, 23131, 23312, 134430, 7538, 166863, 25766, 10250, 22992, 55827, 57109, 11284, 11064, 55722, 8361, 8345, 102724159, 117246, 4968, 9774, 8334, 2145, 162979, 124739, 8365, 8362, 8360, 8367, 6944, 317781, 8479, 8366, 54943, 83752, 26061, 10322, 84193, 114826, 563, 128611, 7712, 59335, 64754, 55137, 79016, 283248, 1996, 48, 64224, 80022, 58496, 51281, 57209, 404734, 253782, 255403, 51710, 150709, 10180, 22828, 390927, 85446, 7776, 11281, 901, 10147, 27293, 253769, 8609, 51385, 7562, 55105, 7637, 91272, 6736, 84528, 5457, 163087, 10605, 54865, 8638, 23481, 57117, 84967, 9919, 79829, 63971, 11273, 6311, 23589, 57703, 23264, 83595, 134218, 8538, 84056, 340390, 134111, 1303, 84926, 5298, 22794, 11166, 8403, 6658, 30812, 80135, 84240, 440563, 84206, 51247, 400961, 23112, 27327, 221120, 11063, 23211, 90459, 51388, 90987, 84549, 4913, 6119, 51018, 64318, 100534599, 55280, 25980, 10569, 7849, 58495, 339327, 1007, 1005, 83439, 607, 6932, 283149, 80153, 5670, 348093, 55632, 83894, 3223, 10528, 7554, 148741, 84700, 83719, 128434, 1187, 256158, 7699, 168544, 8091, 85416, 100529063, 54620, 51491, 26747, 84316, 25949, 7569, 5458, 81627, 57693, 7633, 57060, 147015, 83693, 8736, 120526, 154664, 144406, 55530, 1501, 2916, 11189, 60680, 9899, 64779, 55647, 90321, 91351, 84872, 64895, 256536, 23646, 27106, 10865, 55225, 342132, 54957, 3658, 55253]
cc #18: n=13
[1453, 1454, 1856, 25937, 8312, 1855, 1857, 22881, 79738, 6494, 84904, 144165, 90874]
cc #19: n=12
[54503, 2870, 9308, 56899, 5789, 1880, 2046, 342527, 11141, 57633, 7174, 6542]
cc #20: n=10
[406, 9575, 4862, 56938, 8820, 158800, 6097, 7392, 7023, 6096]
cc #21: n=16
[5331, 59339, 6641, 60485, 7402, 79026, 1756, 6640, 6645, 54221, 57699, 353345, 186, 146, 1838, 6751]
cc #22: n=16
[10054, 29843, 10055, 6613, 7341, 5905, 59343, 6612, 10401, 205564, 51567, 6996, 57178, 26054, 57337, 26168]
cc #23: n=32
[8454, 6500, 64839, 79176, 93611, 84893, 26232, 84261, 26263, 200933, 26224, 54850, 26261, 130888, 26268, 55336, 84961, 54455, 201456, 80204, 283807, 23194, 79791, 26267, 285231, 157574, 144699, 23403, 26234, 126433, 254170, 23066]
cc #24: n=73
[9252, 2101, 1406, 3164, 7026, 5914, 6667, 367, 6670, 10499, 53335, 6257, 8648, 3172, 10891, 190, 8202, 8431, 2104, 80095, 5241, 8856, 2103, 6095, 5451, 7421, 2908, 6092, 285971, 55735, 5468, 4223, 7025, 7376, 6256, 6258, 7068, 5915, 9970, 5465, 8576, 7067, 57531, 6671, 146542, 4929, 2063, 7716, 1647, 26137, 687, 7752, 3233, 9971, 5467, 2494, 3174, 4306, 2649, 5916, 10062, 4824, 5978, 133522, 79364, 5449, 10002, 3175, 5452, 10912, 5151, 4616, 389058]
cc #25: n=11
[253461, 286075, 146540, 57708, 25799, 79943, 65988, 57786, 115509, 163033, 8092]
cc #26: n=13
[5111, 5981, 9156, 5985, 5984, 2073, 79915, 5982, 63922, 5983, 5884, 9768, 3978]
cc #27: n=11
[4928, 6396, 348995, 79023, 81929, 57122, 23279, 79902, 89866, 9631, 55746]
cc #28: n=23
[6002, 29899, 2771, 2775, 2773, 8601, 4543, 51075, 10287, 2770, 4544, 64407, 6004, 8490, 63940, 3577, 1241, 5999, 150, 26086, 126006, 489, 2859]
cc #29: n=60
[10221, 57761, 1385, 4773, 4775, 2353, 466, 1386, 3725, 4772, 10725, 83931, 3727, 11016, 9874, 28951, 468, 467, 3726, 571, 2355, 116071, 1051, 1052, 8061, 22809, 1958, 2354, 23598, 1054, 4094, 1649, 1053, 9586, 1050, 9935, 60468, 7584, 158358, 23373, 283629, 4783, 122953, 55509, 23764, 152687, 10488, 4778, 10538, 7769, 4780, 2118, 4779, 84210, 1628, 56898, 4097, 7975, 9603, 3131]
cc #30: n=10
[10919, 22823, 79813, 93166, 54737, 63978, 26147, 3720, 79723, 126295]
cc #31: n=10
[7593, 10794, 25888, 9422, 79797, 7728, 58500, 390980, 7753, 126375]
cc #32: n=20
[8718, 7132, 11035, 8737, 8772, 162989, 122011, 10114, 7133, 8717, 355, 8837, 8682, 8797, 8795, 7124, 9191, 8996, 148022, 27242]
cc #33: n=11
[60, 1072, 1073, 71, 11034, 11344, 10487, 10486, 23406, 5216, 116154]
cc #34: n=11
[2042, 2045, 150290, 6815, 284656, 1946, 1945, 1942, 1944, 22899, 1943]
cc #35: n=10
[3321, 84627, 80854, 8139, 114818, 84541, 89890, 84078, 286128, 55779]
cc #36: n=14
[7204, 57580, 57514, 391, 6453, 9647, 89848, 9873, 8871, 50618, 7741, 89795, 89797, 27071]
cc #37: n=14
[23269, 494551, 83746, 4613, 4149, 4335, 4084, 474, 6945, 4601, 83463, 10608, 22877, 51085]
cc #38: n=15
[4162, 5793, 10160, 6900, 3897, 5803, 5787, 3371, 4897, 1272, 1463, 6324, 7143, 3910, 10058]
cc #39: n=15
[29068, 27252, 9903, 10625, 84861, 55295, 3652, 55958, 54813, 90293, 54800, 340385, 403341, 57565, 283219]
cc #40: n=16
[11177, 10902, 9031, 8110, 6601, 55274, 57634, 51412, 10365, 9611, 51621, 6599, 8193, 8354, 5013, 6598]
cc #41: n=25
[4792, 1326, 9020, 5970, 4791, 602, 5966, 4790, 4793, 54882, 10848, 283455, 5971, 79155, 222643, 924, 136319, 653781, 4794, 1847, 84807, 64332, 51676, 1997, 114876]
cc #42: n=14
[81545, 6881, 6878, 51616, 6880, 27097, 10629, 6621, 8295, 6874, 93624, 8464, 79637, 9913]
cc #43: n=21
[7862, 72, 27154, 10524, 51773, 11143, 7994, 84289, 51147, 9678, 23522, 8089, 55257, 80314, 5326, 79960, 26122, 54556, 9767, 23338, 64769]
cc #44: n=15
[604, 688, 51043, 7709, 9612, 51341, 83933, 2672, 57659, 201501, 255877, 10224, 96626, 25833, 2874]
cc #45: n=10
[55290, 6872, 9519, 6908, 2958, 2957, 2959, 387332, 138474, 11036]
cc #46: n=53
[55888, 57862, 7572, 7727, 10127, 84307, 55311, 84124, 169841, 7589, 7579, 9457, 7718, 7775, 158399, 388569, 387032, 130502, 92715, 80311, 7745, 221785, 54925, 203523, 7738, 84838, 7746, 23660, 23361, 51282, 7760, 7586, 55663, 80317, 342945, 252884, 114821, 84547, 284312, 100507290, 353274, 83852, 7566, 9753, 10168, 146050, 100101467, 26048, 80345, 7596, 222696, 7762, 65982]
cc #47: n=34
[3838, 1434, 3843, 51194, 7514, 5902, 3842, 10527, 5901, 3837, 79711, 3840, 3839, 3836, 1104, 26953, 25852, 445, 727851, 729857, 57510, 23633, 3841, 55705, 23039, 30000, 55832, 8021, 10526, 10073, 23534, 10762, 653489, 202151]
cc #48: n=85
[7074, 8572, 4301, 90102, 55103, 55789, 4763, 9712, 54477, 23187, 9462, 116987, 6242, 114822, 9223, 84632, 51196, 4359, 5127, 22844, 144100, 22874, 5924, 414060, 81573, 5784, 90134, 55622, 79809, 11138, 202374, 341392, 57609, 196383, 130, 10154, 8844, 10420, 1111, 9833, 23677, 9644, 23095, 5783, 344558, 23380, 23031, 84451, 9201, 4296, 8650, 26115, 252983, 23542, 9479, 780, 9024, 51474, 995, 994, 4294, 135295, 23303, 49854, 3799, 3800, 547, 7786, 10749, 284615, 57622, 90627, 85360, 6608, 90203, 7541, 8492, 23271, 64005, 56623, 23229, 26037, 1641, 80325, 127933]
cc #49: n=24
[841, 331, 8915, 332, 330, 329, 10454, 8767, 64170, 57448, 843, 64795, 842, 79444, 7185, 835, 56616, 836, 840, 9984, 839, 100506742, 152926, 29775]
cc #50: n=36
[3399, 7291, 6938, 6925, 4654, 3398, 6929, 5081, 6720, 4618, 256297, 4760, 429, 4762, 4656, 55502, 167826, 117581, 150921, 3397, 222894, 121549, 6887, 50674, 145873, 3400, 100129654, 9242, 56676, 168620, 1482, 10215, 116448, 8048, 642658, 84913]
cc #51: n=18
[10788, 57118, 4925, 9535, 805, 5955, 259266, 51150, 813, 5954, 79180, 5470, 60681, 5475, 4843, 11328, 27130, 4082]
cc #52: n=18
[1609, 3065, 57504, 3066, 9219, 473, 10765, 152485, 5252, 23774, 55205, 92283, 6941, 55320, 91748, 166968, 55809, 162239]
cc #53: n=20
[5775, 8777, 1739, 143098, 64398, 10207, 55914, 55327, 23286, 80014, 6753, 4355, 51678, 4356, 320, 8825, 64130, 3358, 29785, 64805]
cc #54: n=188
[23624, 222484, 4193, 4281, 29116, 84231, 5071, 10273, 55743, 9618, 7322, 7329, 64098, 29951, 7328, 65264, 51444, 29089, 4591, 29882, 7178, 7321, 11065, 3093, 7323, 27338, 26271, 9246, 7332, 51619, 80320, 4194, 9040, 91445, 5903, 9025, 114088, 63893, 997, 7334, 25820, 6047, 201292, 10537, 9978, 51667, 8453, 55611, 6923, 23113, 10600, 83590, 10193, 7320, 7335, 7319, 7325, 54926, 51465, 7327, 10616, 7189, 10477, 7326, 55072, 118424, 7324, 7318, 11043, 267, 550, 26994, 9320, 63891, 5987, 3835, 7317, 55236, 27246, 4850, 81603, 10277, 55585, 55284, 7336, 140432, 11146, 9616, 146310, 55905, 165918, 78990, 54941, 152006, 79594, 54469, 56957, 56852, 92912, 494470, 9870, 51132, 26046, 51255, 6048, 84937, 54778, 25898, 64219, 10210, 55819, 51529, 7267, 221687, 56254, 223082, 57674, 254225, 80128, 283450, 79673, 1840, 80019, 9044, 79027, 80028, 115992, 148581, 151636, 89870, 81844, 387522, 9810, 92312, 89970, 25950, 9921, 9666, 23295, 168433, 7681, 79589, 10475, 196403, 90678, 22888, 79102, 55159, 79845, 9604, 80263, 57484, 81786, 135892, 64320, 7844, 148066, 9354, 79596, 117584, 10293, 6049, 9867, 9148, 51283, 129868, 84447, 55182, 51136, 11236, 5913, 158067, 81790, 151112, 643596, 55223, 80196, 10206, 26145, 143279, 55120, 114804, 100528064, 149465, 653192, 143630, 164153, 284996]
cc #55: n=14
[4851, 3516, 4853, 378, 4855, 4854, 182, 3714, 28514, 142686, 9794, 80760, 84441, 55534]
cc #56: n=18
[3020, 1058, 140690, 4796, 8359, 121504, 8358, 7520, 11198, 3021, 29855, 55870, 3149, 8341, 84250, 55355, 128312, 55839]
cc #57: n=42
[29888, 83983, 3329, 6950, 908, 10576, 22948, 10694, 10575, 10574, 5048, 22884, 8816, 132141, 5537, 146845, 10693, 54554, 55135, 55605, 1780, 6801, 29966, 8439, 1781, 89891, 79616, 25948, 23038, 349136, 3476, 3336, 1778, 10300, 25893, 79446, 4931, 4608, 147929, 56171, 10069, 79768]
cc #58: n=11
[4659, 55075, 81788, 148932, 126308, 5592, 26064, 9891, 4660, 54776, 9726]
cc #59: n=11
[3142, 7091, 7089, 7090, 7088, 166, 3195, 4990, 56751, 5828, 5626]
cc #60: n=17
[5218, 1018, 8999, 1026, 91768, 1027, 1028, 10983, 595, 896, 8851, 9134, 26272, 81928, 27013, 144455, 10309]
cc #61: n=13
[292, 291, 2820, 5817, 29957, 5648, 6327, 340547, 5002, 10747, 10478, 720, 4153]
cc #62: n=23
[63035, 6045, 8329, 10336, 8330, 8336, 8332, 10138, 54880, 23429, 648, 6015, 84108, 84759, 100532731, 84333, 7703, 23466, 84733, 8535, 57332, 23492, 84678]
cc #63: n=20
[5424, 4171, 4176, 8344, 8346, 440689, 8364, 55766, 8343, 4173, 4175, 8318, 4174, 81620, 4172, 64785, 84296, 84515, 51659, 254394]
cc #64: n=13
[373, 22954, 64400, 23650, 81559, 493829, 10107, 11074, 23087, 91107, 287015, 54765, 10384]
cc #65: n=11
[80335, 5929, 23067, 9739, 90780, 30827, 9757, 9070, 8284, 8085, 5514]
cc #66: n=18
[80344, 1161, 64326, 138009, 10980, 9318, 64708, 50813, 51138, 2873, 8533, 28985, 10419, 8562, 6468, 50717, 10920, 139425]
cc #67: n=13
[56033, 3651, 5087, 4010, 5090, 3205, 3235, 3218, 4211, 4212, 2018, 63876, 56917]
cc #68: n=32
[23236, 2782, 5330, 2783, 6915, 6003, 59345, 2778, 2776, 2784, 54331, 10681, 8787, 5082, 2792, 55970, 9628, 2785, 2790, 2788, 2786, 2787, 2767, 2793, 2791, 259249, 23161, 2774, 5739, 112, 8786, 2780]
cc #69: n=13
[5603, 58, 59, 345651, 728378, 5068, 5217, 7114, 2638, 9087, 221692, 1773, 54899]
cc #70: n=10
[5161, 5160, 1743, 1738, 1737, 8050, 4967, 5162, 55526, 55753]
cc #71: n=24
[6234, 6160, 6231, 6152, 6208, 6138, 6144, 6143, 6194, 6229, 6189, 6223, 6168, 6161, 6232, 51065, 51187, 55226, 6173, 6170, 6166, 11103, 6159, 6167]
cc #72: n=138
[7316, 10075, 5716, 4738, 8266, 29978, 5687, 5886, 1540, 5692, 8239, 9361, 51035, 7917, 5694, 5686, 5707, 5684, 5688, 5689, 573, 9736, 9100, 5690, 83473, 5701, 7314, 56893, 9097, 10422, 5682, 29979, 84993, 7347, 7311, 5710, 123228, 8975, 4287, 29761, 8315, 25793, 5693, 5695, 5685, 80227, 85443, 5887, 5708, 5709, 7415, 9861, 5704, 5713, 5705, 11047, 5700, 5719, 5718, 10213, 5702, 5717, 5706, 6591, 55187, 8078, 55658, 9406, 7337, 84936, 10040, 124930, 5696, 5683, 143471, 5698, 5691, 51371, 51377, 10197, 51720, 220213, 6905, 7508, 7761, 404093, 9781, 9929, 54629, 56897, 54764, 60685, 55230, 23252, 161725, 199990, 57478, 92181, 153830, 84164, 25807, 286827, 54726, 55432, 79004, 139562, 221302, 55293, 126119, 127544, 90268, 80124, 51633, 221472, 92552, 93082, 55793, 7763, 255488, 53938, 340578, 134510, 6683, 10954, 23198, 140456, 5715, 5714, 617, 55829, 91544, 7993, 10845, 5699, 79175, 90007, 167465, 9491]
cc #73: n=11
[10095, 10097, 57180, 10096, 10552, 10092, 10093, 100526693, 10094, 81873, 10109]
cc #74: n=11
[58533, 27131, 6643, 6642, 81609, 64089, 254122, 55737, 112936, 9559, 51699]
cc #75: n=13
[25831, 85377, 51479, 1031, 91526, 23243, 112574, 4776, 51657, 10769, 827, 54509, 121214]
cc #76: n=32
[23394, 2307, 2300, 3219, 3239, 2294, 1523, 27022, 55810, 2304, 2290, 94234, 23314, 6304, 5089, 6299, 8456, 27023, 10481, 3229, 79776, 1749, 7702, 2303, 2296, 399823, 9745, 2295, 10194, 147912, 2299, 8928]
cc #77: n=10
[79058, 23190, 23197, 11124, 55968, 26043, 137886, 80700, 127733, 165324]
cc #78: n=33
[925, 80328, 3106, 10859, 3105, 135250, 2217, 3133, 3113, 3135, 567, 79465, 3140, 3107, 3134, 11026, 213, 926, 10288, 3115, 910, 913, 6892, 4100, 4103, 3805, 3804, 3802, 222008, 912, 462, 169714, 11024]
cc #79: n=11
[5859, 2058, 6897, 54938, 2617, 25973, 123283, 55621, 16, 100885850, 80755]
cc #80: n=12
[6342, 38, 3033, 39, 10449, 1892, 30, 1632, 51084, 10455, 1891, 84532]
cc #81: n=21
[659, 91, 93, 54861, 657, 8200, 652, 3624, 92, 90, 3625, 4838, 3547, 654, 84125, 27302, 2658, 658, 392255, 3623, 130399]
cc #82: n=11
[287, 5786, 55662, 5791, 288, 27255, 8398, 91624, 10752, 63926, 348094]
cc #83: n=16
[5818, 5819, 25945, 2246, 152831, 2263, 2261, 3730, 2251, 2255, 8074, 8822, 2253, 201633, 81607, 1464]
cc #84: n=13
[3921, 6218, 6228, 6193, 6217, 6201, 6207, 6209, 6210, 6205, 6224, 6187, 6227]
cc #85: n=12
[10935, 54431, 10549, 9588, 5052, 7295, 9352, 10628, 374354, 7001, 81567, 52]
cc #86: n=16
[11187, 3728, 5318, 5317, 324, 64236, 56998, 1008, 26235, 1828, 1823, 79363, 1830, 1824, 847, 1829]
cc #87: n=11
[9960, 8661, 8665, 3646, 10289, 8667, 10480, 8663, 728689, 51386, 27335]
cc #88: n=10
[1164, 890, 891, 8900, 9133, 1163, 9088, 1854, 92002, 91801]
cc #89: n=18
[6134, 25873, 6133, 9045, 23521, 6124, 6128, 6165, 6139, 6129, 6137, 6132, 6142, 6157, 51263, 6141, 6158, 23076]
cc #90: n=12
[118460, 11340, 56915, 54512, 23016, 5393, 5394, 10438, 22894, 115752, 51013, 23404]
cc #91: n=14
[1917, 1938, 9343, 1915, 9669, 4363, 60678, 8714, 92399, 55341, 373156, 2794, 85865, 23524]
cc #92: n=10
[996, 8697, 51434, 9330, 25847, 8881, 25906, 119504, 10393, 246184]
cc #93: n=12
[3739, 3741, 3738, 3737, 3736, 8514, 7881, 283518, 3742, 9196, 3744, 3699]
cc #94: n=14
[730, 629, 3426, 727, 718, 5199, 3075, 81494, 10877, 10878, 3687, 729, 732, 1401]
cc #95: n=28
[154, 554, 6010, 1815, 408, 92714, 57561, 409, 91947, 3061, 728, 1909, 5732, 155, 5734, 153, 5724, 6295, 4157, 4985, 407, 9290, 165140, 887, 85397, 5731, 1906, 4988]
cc #96: n=10
[7097, 59307, 7099, 55366, 26045, 1826, 343637, 7096, 23643, 10333]
cc #97: n=17
[9463, 23426, 2892, 6386, 392862, 2893, 2890, 2891, 54793, 2861, 2897, 2898, 9253, 2834, 2895, 130026, 10369]
cc #98: n=58
[54443, 64423, 2316, 8826, 22919, 23499, 5339, 6709, 57584, 4643, 4008, 1613, 9260, 801, 4627, 399687, 4430, 4628, 6711, 4641, 667, 4646, 4644, 55589, 4637, 70, 80179, 55930, 1429, 85015, 4629, 85458, 7442, 4163, 4633, 51332, 6712, 84449, 57530, 93594, 92521, 65979, 56776, 4645, 93408, 81569, 92922, 4632, 9857, 6331, 3782, 2596, 3781, 4284, 6329, 3783, 7461, 4636]
cc #99: n=47
[6810, 94121, 8417, 23673, 29091, 6809, 10228, 8677, 9482, 2054, 6857, 8775, 10497, 8675, 6804, 112755, 6814, 6844, 6812, 9341, 8673, 8773, 6616, 6811, 8774, 6845, 6861, 63908, 8674, 10791, 134957, 9527, 10652, 6813, 152579, 11311, 9570, 10490, 9554, 143187, 8676, 23256, 6843, 127833, 10815, 415117, 10814]
cc #100: n=11
[120114, 9466, 51548, 64881, 1952, 10148, 5099, 9620, 56105, 51294, 27253]
cc #101: n=11
[899, 5925, 1869, 1871, 1874, 1870, 7029, 7027, 51270, 1876, 1875]
cc #102: n=26
[3983, 203068, 10376, 10381, 7280, 347733, 10383, 10382, 84617, 9928, 7283, 10190, 84790, 51666, 401036, 347688, 7846, 7277, 140461, 80086, 79861, 7278, 81027, 3925, 112714, 113457]
cc #103: n=13
[388677, 55503, 3672, 220001, 2201, 148113, 4147, 4148, 8646, 11202, 348174, 4146, 8785]
cc #104: n=13
[989, 10801, 124404, 55752, 5413, 55964, 1731, 151011, 23176, 5414, 4735, 23157, 346288]
cc #105: n=27
[3875, 3856, 125115, 3866, 3872, 54474, 3852, 140807, 8687, 3881, 3860, 3880, 338785, 3853, 286887, 3848, 3849, 342574, 196374, 3887, 3854, 3892, 319101, 3851, 112802, 3884, 3889]
cc #106: n=32
[5431, 55703, 5436, 5432, 9533, 5430, 11128, 5434, 5433, 25885, 84172, 10621, 6917, 5441, 5438, 5440, 5435, 5437, 5439, 27297, 63935, 51082, 51728, 221830, 171568, 10849, 64425, 30834, 54700, 9014, 55718, 661]
cc #107: n=20
[5518, 5515, 5519, 5527, 9989, 5516, 10494, 10112, 55156, 55333, 54919, 4907, 5525, 5529, 1496, 5528, 28227, 5526, 2235, 140612]
cc #108: n=16
[5669, 5671, 440533, 5678, 1951, 56961, 54413, 1954, 29967, 5675, 1363, 5672, 5680, 57502, 22829, 84059]
cc #109: n=16
[10533, 11345, 81631, 23192, 440738, 11337, 84557, 23710, 64422, 84971, 115201, 84938, 9140, 643246, 83734, 9474]
cc #110: n=10
[29108, 26273, 4210, 26233, 25827, 114548, 9447, 55655, 3428, 126206]
cc #111: n=10
[3441, 3445, 3452, 3447, 3444, 3442, 3443, 3439, 3448, 3451]
cc #112: n=12
[30818, 3752, 23413, 3757, 3293, 3751, 79734, 54442, 23510, 30820, 30819, 80333]
cc #113: n=11
[56681, 375, 221079, 84364, 26225, 10483, 10802, 9632, 10427, 10484, 9871]
cc #114: n=15
[405, 3091, 196, 6492, 6493, 64344, 2034, 4861, 57491, 266743, 9915, 7428, 391104, 64067, 10460]
cc #115: n=16
[598, 596, 581, 4170, 599, 578, 572, 5366, 90427, 8678, 637, 27113, 10018, 10017, 597, 666]
cc #116: n=11
[5340, 2160, 5345, 2159, 79174, 5644, 5271, 6678, 2152, 2155, 1675]
cc #117: n=12
[7431, 4741, 3855, 2670, 1674, 81493, 9118, 4744, 4747, 10763, 5630, 23336]
cc #118: n=50
[3309, 3312, 9093, 3310, 3313, 54101, 83942, 80273, 3303, 3308, 10808, 3306, 9531, 3337, 23234, 10525, 23317, 5611, 11080, 55466, 51726, 165721, 10294, 25822, 3301, 150353, 10049, 22824, 54788, 79982, 25979, 283659, 89874, 10730, 9529, 3300, 55192, 27000, 64215, 54557, 51182, 22826, 4189, 55558, 8904, 7576, 162966, 10715, 79891, 134266]
cc #119: n=22
[54532, 4088, 4087, 4089, 4092, 4086, 6935, 4091, 22869, 55769, 23090, 4090, 9839, 5324, 4093, 579, 57663, 3224, 1746, 201516, 100293516, 375449]
cc #120: n=10
[23412, 51397, 170622, 149951, 51122, 150684, 54951, 28991, 29099, 54939]
cc #121: n=11
[51534, 128866, 57132, 92421, 51510, 100526767, 5119, 27243, 51652, 29082, 25978]
cc #122: n=11
[6895, 23405, 8575, 27067, 103, 55342, 104, 9271, 143689, 440822, 55124]
